1 4 0.48952842
1 59 0.85882956
1 91 0.1810819
1 42 0.62664855
1 22 0.47131324
1 69 0.50203395
2 3 0.037409198
2 60 0.054478057
2 12 0.24852523
2 19 0.34392068
2 31 0.13499887
3 2 0.80369884
3 60 0.26451686
4 1 0.666999
4 70 0.48216408
4 85 0.6139054
4 59 0.68399096
4 91 0.8192728
4 10 0.42192292
4 14 0.8067979
4 29 0.5489665
4 61 0.5173814
4 94 0.1882977
4 22 0.81592053
5 79 0.5093951
5 84 0.7677691
5 96 0.57498235
5 16 0.16944194
5 93 0.060869146
5 98 0.6260657
6 45 0.30111608
6 48 0.8155573
6 92 0.6168181
6 83 0.920021
7 10 0.37019905
7 14 0.15939182
7 29 0.68664247
7 67 0.014928352
7 94 0.7557432
7 9 0.20075761
7 32 0.16046032
7 95 0.06930935
7 13 0.49397415
7 41 0.021142812
7 43 0.6999065
7 53 0.16336416
7 68 0.16415101
7 17 0.79056126
8 27 0.85967684
8 62 0.3699407
8 28 0.2803204
8 82 0.5071422
9 7 0.2530889
9 23 0.9347586
9 10 0.26802683
9 14 0.7435707
9 29 0.5225884
9 67 0.49953783
9 94 0.31001958
9 24 0.09810364
9 32 0.59188235
9 95 0.3122265
9 13 0.45627505
9 41 0.21468891
9 43 0.22986872
10 4 0.69248414
10 7 0.8000004
10 9 0.8722919
10 73 0.56629914
10 70 0.2176931
10 14 0.43531892
10 29 0.6695921
10 61 0.044881787
10 67 0.68834084
10 94 0.56312925
10 22 0.056519173
10 13 0.02228355
10 53 0.84636825
11 27 0.052902173
11 62 0.37302467
11 25 0.86111325
11 47 0.5677208
11 51 0.92371887
11 55 0.2217685
11 37 0.36867148
11 100 0.25840187
12 2 0.35948405
12 60 0.32557702
12 19 0.028844673
12 39 0.3665605
12 50 0.53428984
12 64 0.6850404
12 75 0.91283
12 89 0.64370245
12 31 0.8697632
12 78 0.11123649
13 7 0.3212425
13 9 0.4752821
13 10 0.6055344
13 14 0.5301115
13 29 0.5072079
13 67 0.1696377
13 94 0.0027687696
13 24 0.83212185
13 32 0.8617861
13 95 0.5581694
13 41 0.60336006
13 43 0.20236117
13 17 0.9346382
14 4 0.51482904
14 7 0.026410004
14 9 0.6408637
14 10 0.087875165
14 13 0.47239965
14 29 0.73212796
14 61 0.09429329
14 67 0.56733483
14 94 0.1330243
14 22 0.5751932
14 53 0.711966
15 28 0.5257853
15 82 0.57494706
15 87 0.05917995
15 66 0.942125
15 72 0.819848
15 81 0.37664208
15 86 0.3688438
15 85 0.5295983
16 5 0.33179083
16 84 0.31000847
16 96 0.28381687
16 63 0.24027306
16 90 0.6765891
16 93 0.7109919
16 98 0.91883
17 7 0.344608
17 13 0.038749356
17 95 0.6691197
17 41 0.07084982
17 43 0.62296206
17 63 0.41925144
17 68 0.06517384
17 71 0.90830225
17 35 0.4366594
17 74 0.5824959
18 26 0.12703514
18 77 0.40291926
18 20 0.07035713
18 34 0.4494704
18 76 0.2428858
18 40 0.45393577
18 52 0.2037642
19 2 0.7028922
19 12 0.9387125
19 60 0.1514272
19 31 0.21661821
19 78 0.04970443
20 18 0.12662569
20 47 0.82925385
20 77 0.12146408
20 37 0.038821742
20 34 0.7057631
20 44 0.6680471
20 76 0.93836296
20 40 0.84338236
21 65 0.42992997
21 39 0.28722927
21 64 0.7667082
21 38 0.039698828
21 42 0.343493
21 57 0.6027297
21 97 0.8804765
21 45 0.41977003
21 48 0.87481046
21 92 0.078642175
21 99 0.57553905
21 33 0.13265626
21 79 0.7408879
22 1 0.5668189
22 4 0.90920883
22 10 0.41127783
22 14 0.44186854
22 59 0.8135161
22 29 0.024768036
22 61 0.8820695
22 69 0.781749
22 84 0.7264963
22 53 0.44768855
23 9 0.841531
23 66 0.7650958
23 73 0.7146668
23 24 0.5394417
24 9 0.10525339
24 13 0.7320017
24 23 0.6972378
24 67 0.6938673
24 32 0.092303835
24 95 0.83757025
24 30 0.3954004
24 56 0.0154797295
25 11 0.66560584
25 27 0.36774436
25 62 0.07019433
25 47 0.1000706
25 51 0.90874666
25 55 0.5695928
25 37 0.93878907
25 100 0.12812681
25 44 0.44718212
26 18 0.50481707
26 77 0.80344033
27 8 0.5038667
27 11 0.15118915
27 25 0.33829173
27 62 0.08145403
27 51 0.7735394
27 55 0.5228439
27 28 0.8614873
27 82 0.02841466
28 8 0.7283413
28 15 0.42694092
28 27 0.004032333
28 62 0.85626686
28 82 0.27002752
28 87 0.43814144
29 4 0.8480154
29 7 0.13297933
29 9 0.6005792
29 10 0.1740463
29 13 0.11802868
29 14 0.096290305
29 22 0.4485875
29 61 0.43080732
29 67 0.48194972
29 94 0.6130958
29 53 0.39777678
29 68 0.22178891
29 71 0.25148457
30 24 0.061973482
30 32 0.8203856
30 95 0.9316557
30 36 0.6750375
30 56 0.9426079
31 2 0.4027628
31 12 0.49232355
31 19 0.0945245
31 60 0.39838138
31 50 0.2702687
31 89 0.5119608
31 78 0.3308676
32 7 0.58767843
32 9 0.8001897
32 13 0.4467831
32 24 0.9125964
32 30 0.89759797
32 95 0.91760004
32 41 0.7015954
32 43 0.06917869
32 36 0.18761231
32 56 0.7008752
33 21 0.55869263
33 39 0.41304126
33 64 0.45809558
33 75 0.6678761
33 89 0.21598475
33 45 0.20905314
33 48 0.018630382
33 92 0.3452887
33 99 0.18981156
33 83 0.30066842
34 18 0.6001207
34 20 0.18764651
34 47 0.096418984
34 37 0.45938918
34 44 0.3214799
34 76 0.56050086
34 40 0.14405672
34 91 0.7899727
35 17 0.47495544
35 43 0.066157885
35 63 0.7919177
35 68 0.34419686
35 71 0.4333488
35 54 0.35146844
35 74 0.6454115
36 30 0.824757
36 32 0.78679276
36 56 0.7705712
37 11 0.49245322
37 20 0.5573559
37 25 0.3241221
37 34 0.94548684
37 47 0.8596403
37 55 0.5806991
37 100 0.0014206693
37 44 0.57524985
37 76 0.3265017
38 21 0.23288333
38 52 0.69825286
38 65 0.8761031
38 39 0.9277062
38 64 0.27888593
38 75 0.29903147
38 42 0.7558159
38 57 0.48450324
38 97 0.9477386
38 45 0.2866917
38 48 0.71830606
38 92 0.8756683
38 99 0.6087482
39 12 0.5888549
39 21 0.6608668
39 33 0.25031722
39 38 0.06277595
39 50 0.48596728
39 64 0.689865
39 75 0.07307187
39 89 0.8625315
39 78 0.13749664
39 57 0.9259523
39 45 0.14237784
39 48 0.60588306
39 92 0.84884906
39 99 0.5700407
40 18 0.16772628
40 20 0.35996163
40 34 0.095940135
40 76 0.12638035
40 52 0.5099679
40 65 0.4246894
40 57 0.5156878
41 7 0.27926305
41 9 0.8368028
41 13 0.41408154
41 17 0.508891
41 32 0.6547211
41 67 0.08679469
41 95 0.2005853
41 43 0.40027425
41 56 0.0030880247
42 1 0.20040362
42 21 0.8980732
42 38 0.6222963
42 52 0.81281835
42 65 0.94088393
42 57 0.04271914
42 97 0.34360754
42 45 0.075028196
42 79 0.28215665
43 7 0.26815146
43 9 0.15822507
43 13 0.8571357
43 17 0.67272013
43 32 0.5375002
43 35 0.8132129
43 41 0.8338672
43 67 0.11873015
43 95 0.9330582
43 68 0.77543104
43 56 0.4985935
44 20 0.6600652
44 25 0.05205267
44 34 0.51660734
44 37 0.32261166
44 47 0.106739655
44 100 0.47271264
44 76 0.08073295
44 91 0.6641225
45 6 0.6101277
45 21 0.7392799
45 33 0.92400014
45 38 0.856101
45 39 0.36327383
45 42 0.68653965
45 64 0.28963873
45 75 0.42131487
45 89 0.038144734
45 57 0.3557166
45 97 0.47254702
45 48 0.346591
45 92 0.6942893
45 99 0.49979585
45 83 0.5933118
46 98 0.705013
46 80 0.5580277
46 49 0.40160424
46 58 0.18967728
46 88 0.34581998
47 11 0.61466765
47 20 0.83691716
47 25 0.0548141
47 34 0.67710733
47 37 0.64548916
47 44 0.6516865
47 51 0.06626957
47 55 0.6736888
47 77 0.5673162
47 100 0.94655085
48 6 0.4461761
48 21 0.50311357
48 33 0.079265654
48 38 0.9100631
48 39 0.46094683
48 45 0.008509959
48 64 0.1530859
48 57 0.18986169
48 97 0.4641642
48 92 0.45659193
48 99 0.59668857
48 83 0.10227209
49 46 0.8067289
49 80 0.9177493
49 58 0.5674941
49 88 0.20909439
50 12 0.33624187
50 31 0.10475002
50 39 0.096730106
50 60 0.675469
50 52 0.16645733
50 64 0.3220624
50 75 0.22154003
50 89 0.6535818
50 78 0.45992467
50 57 0.40647307
51 11 0.5862926
51 25 0.22294047
51 27 0.923653
51 47 0.69100875
51 62 0.11896329
51 55 0.57299924
52 18 0.9053135
52 38 0.109795295
52 40 0.8398135
52 42 0.56433755
52 50 0.12345382
52 65 0.49200022
52 64 0.20192093
52 75 0.08811809
52 89 0.28217423
52 57 0.5509675
52 97 0.27755207
53 7 0.7627808
53 10 0.37334567
53 14 0.39704922
53 22 0.26903307
53 29 0.8527552
53 61 0.7561393
53 69 0.14743458
53 84 0.26896855
53 63 0.46768454
53 68 0.6236234
53 71 0.4769279
54 35 0.5130237
54 63 0.40682086
54 68 0.046572033
54 71 0.37454212
54 90 0.57507974
54 74 0.41866887
55 11 0.7025541
55 25 0.6730002
55 27 0.28025773
55 37 0.313731
55 47 0.78759664
55 51 0.42603514
55 62 0.108213894
56 24 0.5876246
56 30 0.042812344
56 32 0.5712758
56 36 0.93045765
56 41 0.38156736
56 43 0.21327765
56 95 0.7065549
57 21 0.43696973
57 38 0.50195104
57 39 0.4861511
57 40 0.86437076
57 42 0.23977926
57 45 0.010024821
57 48 0.35909685
57 50 0.35476324
57 52 0.29532528
57 65 0.026193848
57 64 0.8601615
57 75 0.9039653
57 89 0.4915365
57 97 0.29807347
57 92 0.012096888
57 99 0.41395208
58 46 0.94646204
58 49 0.50138474
58 90 0.41538683
58 98 0.24879283
58 80 0.9007261
58 88 0.6655433
59 1 0.60226583
59 4 0.80350953
59 22 0.9268931
59 91 0.4014387
59 61 0.23499718
59 69 0.53015655
60 2 0.27879438
60 3 0.8205557
60 12 0.18903905
60 19 0.025404375
60 31 0.7138111
60 50 0.7665056
60 64 0.07938616
60 75 0.23703034
60 89 0.33836085
60 78 0.7585477
61 4 0.46838108
61 10 0.8261228
61 14 0.045940153
61 22 0.05964319
61 29 0.16859898
61 53 0.6471321
61 59 0.27052742
61 67 0.6577568
61 94 0.72305876
61 69 0.29108176
62 8 0.2277595
62 11 0.16409387
62 25 0.40160754
62 27 0.68232054
62 28 0.32865843
62 51 0.5317705
62 55 0.34532848
62 82 0.7710389
63 16 0.782843
63 17 0.34173593
63 35 0.32113433
63 53 0.46608397
63 54 0.75529563
63 68 0.22923107
63 71 0.056580782
63 93 0.37754187
63 74 0.6166022
64 12 0.35468653
64 21 0.222222
64 33 0.050633643
64 38 0.55118227
64 39 0.94280535
64 45 0.9064992
64 48 0.21471769
64 50 0.45799848
64 52 0.9015278
64 57 0.2817646
64 60 0.829495
64 75 0.9369289
64 89 0.32277763
64 78 0.9285117
64 92 0.9102609
64 99 0.86283666
65 21 0.6227463
65 38 0.030646915
65 40 0.5833965
65 42 0.914608
65 52 0.43505302
65 57 0.629441
65 97 0.3008499
66 15 0.14903769
66 23 0.7489122
66 72 0.15952851
66 73 0.17236492
66 81 0.44996065
66 86 0.3736594
66 70 0.7813269
67 7 0.11175741
67 9 0.8645371
67 10 0.23038474
67 13 0.13318647
67 14 0.63157773
67 24 0.0031533663
67 29 0.3652603
67 41 0.73657864
67 43 0.21431278
67 61 0.9097303
67 94 0.054865144
67 95 0.57931685
68 7 0.2752324
68 17 0.41652095
68 29 0.17274348
68 35 0.39228776
68 43 0.4267455
68 53 0.5399074
68 54 0.21764761
68 63 0.7836727
68 71 0.01618336
68 93 0.9344502
68 74 0.4717776
69 1 0.4398326
69 22 0.43303123
69 53 0.7441936
69 59 0.8716481
69 61 0.0179348
69 79 0.7130092
69 84 0.84109896
69 96 0.27942246
70 4 0.58920664
70 10 0.31253526
70 66 0.6108495
70 72 0.10327896
70 73 0.05790191
70 81 0.896063
70 86 0.11610909
70 85 0.89812523
70 94 0.1966387
71 17 0.27343485
71 29 0.5402165
71 35 0.7546754
71 53 0.122414045
71 54 0.4068986
71 63 0.8994859
71 68 0.48661888
71 93 0.30850452
71 74 0.36814564
72 15 0.9184255
72 66 0.4293399
72 70 0.8650681
72 87 0.25233403
72 100 0.27801317
72 73 0.65099514
72 81 0.30156344
72 86 0.33132324
72 85 0.76994413
73 10 0.40763807
73 23 0.54507697
73 66 0.8974626
73 70 0.08666671
73 72 0.08278845
73 81 0.5665155
73 86 0.5939908
73 85 0.65694606
73 94 0.6985603
74 17 0.0190426
74 35 0.30642742
74 54 0.031487945
74 63 0.72653055
74 68 0.37178215
74 71 0.26591605
74 90 0.86918265
75 12 0.47047067
75 33 0.10185634
75 38 0.8409703
75 39 0.5570953
75 45 0.16219676
75 50 0.5992912
75 52 0.2656422
75 57 0.78671485
75 60 0.756633
75 64 0.34428442
75 89 0.812059
75 78 0.10511489
75 92 0.106147185
75 99 0.3072554
76 18 0.493014
76 20 0.3734715
76 34 0.50884455
76 37 0.19700746
76 40 0.14486203
76 44 0.105139494
76 91 0.8268919
77 18 0.33206338
77 20 0.2966555
77 26 0.5456079
77 47 0.2615557
78 12 0.47303405
78 19 0.0929788
78 31 0.56218004
78 39 0.019298542
78 50 0.075125925
78 60 0.355059
78 64 0.4877028
78 75 0.75654864
78 89 0.5329548
79 5 0.8763874
79 21 0.9011948
79 42 0.79450536
79 69 0.1328279
79 97 0.71796143
79 84 0.42348385
79 96 0.6998077
80 46 0.16555595
80 49 0.15416938
80 58 0.182234
80 90 0.6956786
80 88 0.8921653
81 15 0.73739064
81 66 0.87271076
81 70 0.74909097
81 72 0.257986
81 73 0.923528
81 87 0.22511998
81 86 0.45061266
81 85 0.667624
82 8 0.5345873
82 15 0.62874985
82 27 0.6410938
82 28 0.2781151
82 62 0.33363706
82 87 0.14438596
83 6 0.69471115
83 33 0.52574337
83 45 0.686946
83 48 0.21990821
83 92 0.52215505
83 99 0.40911427
84 5 0.9247674
84 16 0.6401236
84 22 0.11473129
84 53 0.4324063
84 69 0.11063633
84 79 0.22032878
84 96 0.20814551
84 93 0.3056532
85 4 0.48796105
85 15 0.5200559
85 70 0.79062414
85 72 0.11878789
85 73 0.048672263
85 81 0.21973887
85 87 0.06960058
85 100 0.24073446
85 86 0.37330142
85 91 0.09971969
86 15 0.47380236
86 66 0.6081247
86 70 0.93479216
86 72 0.20742972
86 73 0.9483964
86 81 0.5819175
86 85 0.7723854
86 87 0.05087929
87 15 0.48010975
87 28 0.5843861
87 72 0.28256512
87 81 0.30357522
87 82 0.7965444
87 85 0.34027958
87 86 0.4164738
87 100 0.6683502
88 46 0.2947038
88 49 0.09247047
88 58 0.460499
88 80 0.83588487
88 98 0.82952756
89 12 0.61493415
89 31 0.5795115
89 33 0.7688291
89 39 0.9134095
89 45 0.0924447
89 50 0.18210347
89 52 0.4420419
89 57 0.010142914
89 60 0.8782838
89 64 0.37492642
89 75 0.4723076
89 78 0.0076823626
89 99 0.09201712
90 16 0.90051824
90 54 0.5598335
90 58 0.7331493
90 74 0.35219005
90 80 0.77084535
90 93 0.46164238
90 98 0.7617417
91 1 0.82481
91 4 0.08846852
91 34 0.5964226
91 44 0.3507349
91 59 0.43869647
91 76 0.3679629
91 85 0.38732874
91 100 0.74673957
92 6 0.9024981
92 21 0.6011479
92 33 0.76757115
92 38 0.92673147
92 39 0.6979744
92 45 0.8311996
92 48 0.28568378
92 57 0.44110224
92 64 0.25546613
92 75 0.8968972
92 83 0.41060427
92 99 0.086753055
93 5 0.31585112
93 16 0.5918496
93 63 0.6016697
93 68 0.6761098
93 71 0.04403344
93 84 0.47716346
93 90 0.30589205
93 96 0.6605796
93 98 0.03627584
94 4 0.43580922
94 7 0.57894975
94 9 0.34373355
94 10 0.18709955
94 13 0.89400786
94 14 0.18203
94 29 0.31343165
94 61 0.9138072
94 67 0.80294335
94 70 0.8828846
94 73 0.85621476
95 7 0.42977458
95 9 0.6573172
95 13 0.25263935
95 17 0.41739836
95 24 0.22934583
95 30 0.783439
95 32 0.025969688
95 41 0.33099177
95 43 0.46658674
95 56 0.43890488
95 67 0.3485175
96 5 0.28558105
96 16 0.23127481
96 69 0.36225477
96 79 0.7625624
96 84 0.2928094
96 93 0.4195226
96 98 0.9465549
97 21 0.8519509
97 38 0.16036122
97 42 0.5245527
97 45 0.4559462
97 48 0.23995408
97 52 0.42675033
97 57 0.5797595
97 65 0.8190143
97 79 0.46235222
98 5 0.0053968607
98 16 0.54073215
98 46 0.43902552
98 58 0.80051553
98 88 0.5246692
98 90 0.9346937
98 93 0.40979505
98 96 0.53901005
99 21 0.59302825
99 33 0.49774876
99 38 0.42652684
99 39 0.0923869
99 45 0.7268822
99 48 0.33933082
99 57 0.23550618
99 64 0.020099424
99 75 0.007903474
99 83 0.13335873
99 89 0.6613789
99 92 0.13477935
100 11 0.9258263
100 25 0.48439643
100 37 0.14531524
100 44 0.53310055
100 47 0.029008223
100 72 0.23541655
100 85 0.8016185
100 87 0.63066286
100 91 0.51336944
