1 183 0.5614843
1 193 0.7301451
1 24 0.5459876
1 137 0.4210631
1 3 0.7271025
1 37 0.51677495
1 74 0.8136708
1 179 0.66940594
1 69 0.05784677
1 70 0.41049615
2 56 0.22838327
2 73 0.32527924
2 64 0.18895519
2 8 0.2563278
2 160 0.11834189
2 54 0.50004756
2 106 0.076591566
2 133 0.2313849
2 164 0.07199825
2 197 0.6048971
3 1 0.18746352
3 183 0.65883696
3 24 0.24502788
3 137 0.45732233
3 37 0.7180289
3 74 0.27418375
3 179 0.44747266
3 189 0.5195821
3 69 0.18371399
3 70 0.028832717
3 83 0.7449742
3 123 0.92854565
4 11 0.898946
4 40 0.5813439
4 177 0.3039465
4 96 0.9032811
4 117 0.25568232
4 15 0.520442
4 166 0.16163342
4 185 0.20898041
4 98 0.6999099
4 148 0.10602733
5 19 0.91019225
5 191 0.4244823
5 51 0.4720252
5 125 0.14569283
5 139 0.9443042
5 169 0.11642104
5 122 0.556266
5 174 0.25129804
5 165 0.05067499
6 19 0.6201761
6 39 0.4701839
6 87 0.008400756
6 90 0.069038376
6 105 0.4560483
6 110 0.36539504
6 134 0.18559727
6 191 0.2855264
6 16 0.30033943
6 109 0.5760979
6 139 0.39907187
6 169 0.6405193
7 119 0.81025934
7 144 0.4280964
7 14 0.32390636
7 32 0.44733882
7 114 0.51283795
7 175 0.2563163
7 55 0.39295062
7 57 0.48439732
7 68 0.2562671
7 81 0.37705338
7 25 0.05930441
7 49 0.427667
7 184 0.08134775
8 2 0.040756177
8 56 0.48844174
8 160 0.4767121
8 54 0.9095819
8 106 0.23096943
8 133 0.36288035
8 164 0.65842015
8 197 0.7477361
8 80 0.22179651
8 124 0.08540615
9 107 0.13729891
9 47 0.05299133
9 131 0.5785877
9 29 0.22725214
9 58 0.5092788
9 67 0.23485745
9 178 0.6808247
9 196 0.6830785
9 13 0.37740245
9 100 0.70025903
9 135 0.6435749
9 157 0.9336154
10 52 0.27804288
10 77 0.82005095
10 20 0.20776558
10 60 0.9367049
10 107 0.2440889
10 163 0.7908971
10 27 0.18929319
10 46 0.18898177
10 118 0.4181482
10 168 0.002374416
10 61 0.8856455
11 4 0.9284266
11 40 0.32967997
11 44 0.18206947
11 177 0.2974167
11 96 0.6169612
11 117 0.76230365
11 166 0.04733364
11 148 0.87346023
12 88 0.662703
12 150 0.7321514
12 66 0.34911552
12 190 0.27890578
12 194 0.31637055
12 89 0.6569313
12 102 0.5140663
12 136 0.31875893
13 9 0.14497788
13 20 0.18192792
13 60 0.48995543
13 95 0.06211794
13 107 0.2775635
13 163 0.7558724
13 46 0.72465235
13 118 0.8418603
13 58 0.47298974
13 67 0.6581199
13 178 0.49838495
13 100 0.7462912
13 135 0.22669199
13 157 0.061132945
14 7 0.4111646
14 119 0.7768134
14 144 0.70999104
14 32 0.25029817
14 114 0.8689665
14 154 0.90828955
14 175 0.5250219
14 189 0.70164484
14 57 0.18015878
14 68 0.8000235
14 81 0.057103008
14 25 0.63862073
14 49 0.37764063
14 184 0.32700762
15 4 0.12209144
15 166 0.8538618
15 185 0.09023275
15 148 0.58809173
15 192 0.15893963
15 141 0.52721304
15 50 0.50775665
15 140 0.92041755
16 6 0.8461317
16 19 0.8356301
16 39 0.050165407
16 87 0.5450865
16 110 0.83327335
16 191 0.0056344476
16 109 0.69160736
16 116 0.4876464
16 125 0.7398118
16 139 0.317097
16 45 0.7648722
16 174 0.41647643
17 85 0.06207861
17 111 0.8290457
17 172 0.70513374
17 71 0.20735772
17 176 0.36873317
17 30 0.090625346
18 63 0.5539332
18 76 0.2120891
18 104 0.64001936
18 162 0.36400807
18 85 0.7383878
18 111 0.75727826
18 172 0.4111624
18 78 0.8059692
19 5 0.8695205
19 6 0.20543203
19 16 0.35818565
19 39 0.18788232
19 87 0.73126155
19 90 0.21061747
19 105 0.8753666
19 110 0.30329397
19 134 0.5120153
19 191 0.33484635
19 51 0.3580121
19 125 0.7550518
19 139 0.49117157
19 169 0.18754709
19 45 0.6686728
19 122 0.844581
19 174 0.92150265
20 10 0.048293747
20 13 0.666331
20 182 0.64851296
20 60 0.93919116
20 95 0.47193286
20 107 0.511486
20 163 0.78654677
20 46 0.6699618
20 118 0.6836519
20 58 0.9178147
21 164 0.3971053
21 197 0.081253245
21 86 0.2161801
21 153 0.79896533
21 193 0.15360099
21 24 0.92611283
21 132 0.8203489
21 137 0.3411871
22 53 0.88853544
22 82 0.3248435
22 170 0.22576113
22 62 0.39452574
22 75 0.9108913
22 126 0.78629035
22 128 0.24011187
22 142 0.5227448
22 186 0.942458
22 188 0.03142539
23 113 0.7757502
23 145 0.50825816
23 199 0.8700169
23 26 0.39196846
23 91 0.18103248
23 159 0.6004369
23 48 0.2685626
23 187 0.92503333
23 41 0.6642669
23 198 0.777904
24 1 0.096423775
24 3 0.0052283183
24 21 0.9244457
24 86 0.6529846
24 183 0.15403633
24 193 0.7533021
24 137 0.48167896
24 37 0.060886722
24 74 0.57235676
24 179 0.62505853
24 70 0.51328826
25 7 0.39836335
25 14 0.83148354
25 114 0.22546884
25 55 0.58948624
25 57 0.8245546
25 68 0.48820156
25 81 0.33364746
25 49 0.6436568
25 129 0.7532281
25 184 0.65620977
26 23 0.88958824
26 113 0.9498406
26 145 0.14518373
26 199 0.6966036
26 91 0.05560671
26 159 0.1670929
26 48 0.112014554
26 41 0.010606166
26 149 0.28728804
26 198 0.34646636
27 10 0.43410754
27 60 0.024219144
27 163 0.45607382
27 46 0.7071309
27 118 0.38887325
27 168 0.43741176
27 100 0.18326698
27 61 0.49126738
27 72 0.91577613
27 151 0.35634193
28 47 0.16742799
28 69 0.4901151
28 167 0.6244313
28 29 0.43414304
28 196 0.5306901
28 92 0.87127817
28 113 0.28060144
28 145 0.5239766
28 199 0.48488715
28 48 0.27868202
29 9 0.22180334
29 28 0.768443
29 47 0.6809127
29 69 0.2760607
29 70 0.68306535
29 131 0.5745549
29 167 0.13428263
29 58 0.32232073
29 67 0.36174628
29 178 0.5901202
29 196 0.096094966
29 145 0.879151
29 43 0.8732437
30 17 0.37924418
30 85 0.50811154
30 172 0.3050456
30 71 0.530025
30 130 0.8725839
30 176 0.77747536
30 73 0.12283747
30 116 0.084943086
31 161 0.92683095
31 187 0.57587343
31 181 0.23814845
31 65 0.51795554
31 115 0.4388668
31 152 0.123848505
31 79 0.082549386
32 7 0.31258583
32 14 0.07787296
32 195 0.35424942
32 200 0.38292786
32 80 0.0037669677
32 119 0.77829707
32 114 0.013537702
32 154 0.9124487
32 175 0.36390132
32 189 0.8991782
32 49 0.9247384
32 184 0.22001305
33 34 0.2782657
33 161 0.08383082
33 103 0.7501826
33 65 0.3174638
33 115 0.6170684
34 33 0.025004465
34 43 0.15521744
34 108 0.5298393
34 161 0.01847169
34 103 0.7338936
34 181 0.28017753
34 115 0.8842952
35 138 0.24611479
35 155 0.39097667
35 171 0.022233717
36 59 0.7144786
36 83 0.52426815
36 123 0.5501855
36 92 0.65307796
36 113 0.6853644
36 145 0.86185545
36 91 0.69057167
37 1 0.6283064
37 3 0.60902464
37 24 0.20778467
37 183 0.070413746
37 154 0.73214924
37 175 0.7002632
37 74 0.040604416
37 179 0.6320797
37 189 0.0446355
37 83 0.117467634
38 65 0.860451
38 152 0.105630554
38 79 0.630811
38 146 0.17867604
39 6 0.35367525
39 16 0.6082619
39 19 0.75396883
39 87 0.7589161
39 90 0.7018011
39 105 0.6138644
39 110 0.5095327
39 134 0.17590472
39 191 0.22252932
39 109 0.66512334
39 125 0.94619036
39 139 0.15252036
39 169 0.766464
39 45 0.71165407
39 174 0.11879791
40 4 0.72656053
40 11 0.50007296
40 44 0.861163
40 177 0.4461328
40 96 0.35651064
40 117 0.19520546
40 166 0.21723962
40 148 0.23819666
41 23 0.4735109
41 26 0.43458307
41 159 0.55387264
41 121 0.6769369
41 149 0.67235035
41 198 0.43646616
42 153 0.52255857
42 141 0.4387316
43 29 0.22974078
43 34 0.15591684
43 196 0.26006433
43 199 0.32360572
43 108 0.25165418
43 161 0.868205
43 181 0.19364734
44 11 0.13178258
44 40 0.68405026
44 177 0.67970145
45 16 0.53801084
45 19 0.7661524
45 39 0.41126737
45 110 0.20924342
45 191 0.35243
45 109 0.8163557
45 125 0.44211814
45 139 0.5414808
45 169 0.014488784
45 122 0.64715904
45 174 0.89532167
45 195 0.38849273
45 200 0.033297077
46 10 0.0063791475
46 13 0.08642422
46 20 0.7085778
46 27 0.70067966
46 77 0.21600507
46 60 0.6385922
46 107 0.07884717
46 163 0.28125036
46 118 0.28299063
46 168 0.878804
46 100 0.6605785
46 135 0.27149382
46 61 0.40605065
46 72 0.025698345
46 151 0.20900725
47 9 0.3442562
47 28 0.608207
47 29 0.32679436
47 69 0.28686628
47 70 0.26303017
47 131 0.4583234
47 167 0.82384205
47 67 0.10581905
47 196 0.6772511
48 23 0.23699062
48 26 0.02004436
48 28 0.11487997
48 113 0.27156967
48 145 0.6073025
48 199 0.51886064
48 91 0.58393806
48 187 0.93797433
48 198 0.19425108
49 7 0.28065798
49 14 0.60431105
49 25 0.10308733
49 32 0.14160474
49 114 0.7293276
49 154 0.6471162
49 175 0.37222147
49 189 0.49857256
49 57 0.15353312
49 129 0.7488439
49 184 0.9100136
49 83 0.84328884
50 15 0.24332175
50 166 0.08659298
50 185 0.6368946
50 148 0.2652407
50 192 0.23614793
50 141 0.93748116
50 140 0.91725
50 52 0.19662166
50 77 0.044675097
50 127 0.46411434
51 5 0.45391476
51 19 0.3350308
51 134 0.86601853
51 191 0.47324497
51 125 0.86792445
51 139 0.5745171
51 169 0.21164227
51 122 0.058683727
51 174 0.87441933
51 165 0.12936826
52 10 0.06508548
52 50 0.75569284
52 192 0.88750553
52 140 0.14961086
52 77 0.2660199
52 127 0.76647925
52 156 0.24730809
52 180 0.14609064
52 163 0.6317059
52 168 0.810005
53 22 0.7684132
53 82 0.6878173
53 97 0.64397186
53 170 0.52951294
53 173 0.014438325
53 55 0.12486089
53 62 0.25605896
54 2 0.32063395
54 8 0.01008899
54 56 0.26011118
54 73 0.17068903
54 64 0.12967542
54 112 0.826986
54 158 0.5627636
54 106 0.12479749
54 133 0.4419721
54 164 0.73097074
54 197 0.13065293
54 153 0.13008453
55 7 0.44623724
55 25 0.92527425
55 53 0.11903029
55 119 0.059334416
55 144 0.7818727
55 82 0.87581587
55 170 0.32278767
55 57 0.66581017
55 68 0.0722329
55 81 0.69217134
56 2 0.93472606
56 8 0.306137
56 54 0.9249869
56 176 0.175485
56 73 0.80781144
56 64 0.10221942
56 116 0.20338297
56 160 0.325857
56 106 0.7796861
56 133 0.68365586
57 7 0.427107
57 14 0.111858
57 25 0.5054831
57 49 0.030505091
57 55 0.10933462
57 119 0.8715425
57 144 0.82358766
57 114 0.45857322
57 68 0.76055765
57 81 0.5499137
57 129 0.51445496
57 184 0.08640682
58 9 0.6199057
58 13 0.54254764
58 20 0.3975699
58 29 0.26727375
58 107 0.4428521
58 131 0.3922237
58 67 0.61991227
58 178 0.9481802
58 196 0.7872086
58 135 0.2572414
58 157 0.62371093
59 36 0.49737337
59 129 0.28583488
59 83 0.94315386
59 123 0.79163045
59 92 0.4373646
59 84 0.6473872
59 99 0.11189844
60 10 0.05580954
60 13 0.13529451
60 20 0.1692585
60 27 0.12855849
60 46 0.10906121
60 95 0.24331494
60 107 0.27750733
60 163 0.015155486
60 118 0.6145506
60 168 0.86684656
60 100 0.36444426
60 135 0.46920174
60 157 0.06264268
60 61 0.16151145
60 72 0.8904475
60 151 0.30635062
61 10 0.87985104
61 27 0.5358753
61 46 0.33557454
61 60 0.7704149
61 118 0.7191461
61 168 0.3091648
61 100 0.09659707
61 72 0.25339898
61 151 0.79240066
62 22 0.3996576
62 53 0.32064903
62 82 0.13903137
62 97 0.8712176
62 170 0.55737996
62 173 0.02163453
62 75 0.6139608
62 126 0.45821226
62 142 0.13699369
62 186 0.9039992
63 18 0.34695727
63 76 0.027875274
63 104 0.7348437
63 162 0.6755691
63 85 0.436297
63 111 0.8933984
64 2 0.028046949
64 54 0.8561556
64 56 0.7043428
64 155 0.8357638
64 171 0.74216944
64 73 0.69682574
64 106 0.43890303
65 31 0.20798582
65 33 0.7855805
65 38 0.56819856
65 161 0.5673426
65 181 0.37770468
65 115 0.40001664
65 152 0.4544671
65 79 0.5885965
66 12 0.43701905
66 88 0.7581648
66 128 0.019791327
66 142 0.3394747
66 186 0.75626814
66 188 0.8663364
66 94 0.17081384
66 190 0.07585176
66 194 0.16685668
66 89 0.9326164
66 102 0.6950629
67 9 0.70530117
67 13 0.9334941
67 29 0.2064686
67 47 0.2661129
67 58 0.88590175
67 70 0.23017366
67 131 0.76765126
67 167 0.8157863
67 178 0.5464009
67 196 0.56013393
67 157 0.513067
68 7 0.609699
68 14 0.78854007
68 25 0.7563878
68 55 0.87992674
68 57 0.23357952
68 119 0.7118593
68 144 0.701065
68 114 0.93611157
68 82 0.23983486
68 170 0.42836502
68 81 0.222256
68 184 0.93382573
69 1 0.3183608
69 3 0.5967926
69 28 0.7960354
69 29 0.5745588
69 47 0.74200267
69 74 0.27284637
69 179 0.34168386
69 70 0.51825136
69 131 0.38531572
69 167 0.021703335
69 123 0.74929494
69 92 0.80471706
70 1 0.44966662
70 3 0.76498187
70 24 0.846773
70 29 0.44913015
70 47 0.7485603
70 67 0.45111442
70 69 0.5669035
70 183 0.56573516
70 137 0.77927405
70 74 0.36205053
70 131 0.28514573
70 167 0.23669782
71 17 0.8254369
71 30 0.8038459
71 85 0.78280634
71 111 0.6128406
71 172 0.024594774
71 155 0.93316406
71 171 0.30539826
72 27 0.62709105
72 46 0.031547446
72 60 0.60228056
72 61 0.09312417
72 118 0.8682607
72 100 0.5761523
72 135 0.0561056
72 151 0.6188774
72 108 0.23514582
72 103 0.19780532
73 2 0.6801779
73 30 0.5411532
73 54 0.07905383
73 56 0.7616651
73 64 0.59944016
73 171 0.8674376
73 176 0.8353895
73 160 0.06408509
73 106 0.63263595
74 1 0.0023063454
74 3 0.049117755
74 24 0.806423
74 37 0.8969982
74 69 0.03214631
74 70 0.08292854
74 183 0.3929557
74 193 0.6682468
74 137 0.54027826
74 179 0.14152277
74 189 0.93726623
74 83 0.30783814
75 22 0.73210955
75 62 0.29852057
75 170 0.17334951
75 126 0.21577127
75 128 0.04794895
75 142 0.23364931
75 186 0.5919806
75 101 0.4393507
76 18 0.5867488
76 63 0.47241226
76 104 0.36243907
76 162 0.22469708
76 111 0.30647674
77 10 0.72325814
77 46 0.30614886
77 50 0.19182041
77 52 0.7032124
77 192 0.81066203
77 140 0.3433679
77 127 0.8639259
77 156 0.24862902
77 180 0.7030136
77 163 0.2183501
77 168 0.6303682
78 18 0.100494176
78 162 0.48148614
78 90 0.013229649
79 31 0.7816598
79 38 0.33764744
79 65 0.2536364
79 152 0.7374558
79 146 0.89012045
80 8 0.24262239
80 32 0.6043879
80 197 0.92389876
80 200 0.6930677
80 124 0.11985567
80 154 0.017433785
80 175 0.19195022
81 7 0.594888
81 14 0.7617626
81 25 0.93568057
81 55 0.73677874
81 57 0.14199856
81 68 0.12520888
81 119 0.4523712
81 144 0.492378
81 114 0.8194713
81 82 0.18263632
81 170 0.079131454
81 184 0.24696459
82 22 0.5806624
82 53 0.3557303
82 55 0.73337066
82 62 0.70850986
82 68 0.09419732
82 81 0.106742635
82 144 0.6335326
82 97 0.53740793
82 170 0.5068872
82 173 0.22726555
83 3 0.33709136
83 36 0.89707184
83 37 0.5308153
83 49 0.081321664
83 59 0.18482386
83 74 0.50316817
83 154 0.13279617
83 175 0.5754392
83 179 0.1611351
83 189 0.6458598
83 129 0.68388015
83 184 0.9007354
83 123 0.5066787
83 92 0.034840323
84 59 0.48255116
84 150 0.1947729
84 99 0.9204424
84 159 0.43409055
84 136 0.17775239
85 17 0.54511106
85 18 0.6752838
85 30 0.0606229
85 63 0.097974256
85 71 0.11396199
85 111 0.4759336
85 172 0.13697311
85 130 0.21871401
85 176 0.3301226
86 21 0.7421625
86 24 0.58868444
86 112 0.4656139
86 164 0.87481177
86 197 0.90988004
86 153 0.3350676
86 193 0.2047014
86 132 0.850111
86 137 0.4292649
87 6 0.07521643
87 16 0.6136955
87 19 0.8757473
87 39 0.45681748
87 130 0.21172042
87 90 0.82563555
87 105 0.29044476
87 110 0.23156479
87 134 0.16446267
87 191 0.29219714
87 109 0.15032956
87 116 0.5559125
88 12 0.487088
88 66 0.88095385
88 128 0.45320117
88 142 0.048221756
88 186 0.47137818
88 188 0.49371302
88 150 0.8021769
88 190 0.010538191
88 194 0.5811988
88 89 0.35582244
88 102 0.21104506
89 12 0.7082862
89 66 0.53056425
89 88 0.49888512
89 150 0.38568252
89 190 0.21540262
89 194 0.2632474
89 102 0.16721375
89 136 0.55718875
90 6 0.63994354
90 19 0.19361807
90 39 0.33723244
90 78 0.88581115
90 87 0.0022462532
90 105 0.8843338
90 110 0.51078963
90 134 0.26068065
90 191 0.7115066
90 169 0.40038422
91 23 0.2117069
91 26 0.5508328
91 36 0.7785844
91 48 0.5766442
91 92 0.94931227
91 113 0.11385474
91 145 0.71984744
91 199 0.29100734
91 159 0.665553
91 198 0.89810246
92 28 0.20395036
92 36 0.66681063
92 59 0.8664245
92 69 0.8610823
92 83 0.85797876
92 91 0.05587113
92 167 0.5205089
92 123 0.50779337
92 113 0.42466033
92 145 0.89500576
93 147 0.7894794
93 120 0.68221986
93 143 0.13887882
94 66 0.15739347
94 128 0.6755707
94 186 0.07737245
94 101 0.84394056
94 190 0.94505847
94 194 0.4928751
95 13 0.9321276
95 20 0.40150803
95 60 0.5638657
95 182 0.011992981
95 107 0.44872597
95 163 0.83291465
96 4 0.9026442
96 11 0.19926383
96 40 0.13980128
96 177 0.24189273
96 117 0.035084784
96 166 0.49441898
96 98 0.5242139
96 148 0.2404835
97 53 0.7654623
97 62 0.19197951
97 82 0.7635424
97 170 0.39006114
97 173 0.45451844
98 4 0.1453821
98 96 0.085839115
98 177 0.47831202
98 117 0.37378672
98 166 0.04876888
98 148 0.027254537
98 192 0.50471914
99 59 0.44775572
99 84 0.7694308
99 150 0.12650657
99 159 0.22758679
100 9 0.54726064
100 13 0.93782634
100 27 0.6543223
100 46 0.55600303
100 60 0.39181268
100 61 0.5896865
100 72 0.34934115
100 118 0.75126886
100 178 0.4146189
100 135 0.3668276
100 157 0.65540874
100 151 0.8782625
100 108 0.3805166
100 103 0.39094886
101 75 0.08228727
101 94 0.55821717
101 126 0.6673133
101 128 0.8552256
101 186 0.85944194
102 12 0.5471831
102 66 0.12512538
102 88 0.67198473
102 89 0.6550684
102 188 0.10747462
102 150 0.3529693
102 190 0.9441115
102 194 0.27438322
103 33 0.120725445
103 34 0.5683769
103 72 0.91656953
103 100 0.26292214
103 151 0.39615017
103 108 0.07307929
103 161 0.26506877
103 115 0.27387765
104 18 0.37849456
104 63 0.23112532
104 76 0.8261668
104 162 0.6066811
104 111 0.69041103
105 6 0.73038656
105 19 0.92057616
105 39 0.42558983
105 87 0.05525757
105 90 0.09839276
105 110 0.14359446
105 134 0.1569341
105 191 0.9416238
105 169 0.45621789
106 2 0.3989585
106 8 0.115089945
106 54 0.7130846
106 56 0.90881854
106 64 0.9292221
106 73 0.24177468
106 160 0.6442219
106 133 0.24771392
106 164 0.6225863
106 197 0.8630991
107 9 0.69630235
107 10 0.63221556
107 13 0.8233194
107 20 0.76442355
107 46 0.60120034
107 58 0.53478026
107 60 0.759014
107 95 0.5489134
107 163 0.28860635
107 118 0.077645846
107 178 0.058226902
107 135 0.79760057
107 157 0.65212125
108 34 0.38284174
108 43 0.8634372
108 72 0.7288845
108 100 0.65808135
108 103 0.16338539
108 135 0.2459003
108 157 0.28578937
108 151 0.31910694
108 161 0.68832934
108 115 0.93339944
109 6 0.8167636
109 16 0.45737532
109 39 0.034206018
109 45 0.17745419
109 87 0.47041985
109 130 0.78716284
109 110 0.5158257
109 116 0.031941243
110 6 0.37028107
110 16 0.5096971
110 19 0.08656156
110 39 0.4933389
110 45 0.8931598
110 87 0.6775228
110 90 0.8522667
110 105 0.43870315
110 109 0.47360104
110 134 0.7217882
110 191 0.8137049
110 125 0.36091432
110 139 0.4001247
110 169 0.55504274
110 174 0.101315536
111 17 0.94840074
111 18 0.57425594
111 63 0.33393943
111 71 0.66271013
111 76 0.18889377
111 85 0.75929856
111 104 0.45601746
111 172 0.2700511
112 54 0.48835093
112 86 0.040470235
112 158 0.1432782
112 153 0.8366409
113 23 0.39493617
113 26 0.31729203
113 28 0.10632611
113 36 0.2976902
113 48 0.8459012
113 91 0.9143709
113 92 0.89141977
113 167 0.78850114
113 145 0.47200015
113 199 0.009631935
114 7 0.82521826
114 14 0.25714543
114 25 0.2802091
114 32 0.17599143
114 49 0.2078566
114 57 0.44461438
114 68 0.3258286
114 81 0.4638058
114 195 0.7704722
114 200 0.25041586
114 119 0.5719719
114 144 0.46528974
114 154 0.74991196
114 175 0.8611197
114 189 0.28182963
114 184 0.56757474
115 31 0.36728027
115 33 0.93999344
115 34 0.36015472
115 65 0.63401425
115 103 0.9447563
115 108 0.9468511
115 161 0.29573476
115 181 0.29954022
116 16 0.11814424
116 30 0.2381626
116 56 0.06882454
116 87 0.32469332
116 109 0.3033156
116 130 0.5794423
116 176 0.0857923
116 160 0.413795
117 4 0.09977076
117 11 0.40310785
117 40 0.80207306
117 96 0.21818097
117 98 0.86657727
117 177 0.2738777
117 166 0.051735967
117 148 0.15777402
118 10 0.60088354
118 13 0.13546398
118 20 0.6640392
118 27 0.054401115
118 46 0.45917064
118 60 0.27359834
118 61 0.57520634
118 72 0.4733932
118 100 0.29991767
118 107 0.49017814
118 163 0.5006483
118 168 0.6014408
118 135 0.39324218
118 151 0.8548149
119 7 0.39894298
119 14 0.082331605
119 32 0.72787607
119 55 0.8330528
119 57 0.7482835
119 68 0.5886218
119 81 0.2690243
119 114 0.32460967
119 195 0.091541104
119 200 0.8601516
119 144 0.15619679
120 93 0.53344846
120 147 0.90786827
120 143 0.79844266
121 41 0.8965487
121 159 0.7482083
121 136 0.6884879
121 149 0.34011057
122 5 0.5689423
122 19 0.28348538
122 45 0.545844
122 51 0.9040123
122 191 0.2270471
122 125 0.015643327
122 139 0.03400477
122 174 0.34524047
122 195 0.2669194
122 200 0.017766234
122 165 0.15518819
122 144 0.6821244
123 3 0.24621612
123 36 0.9290065
123 59 0.08503131
123 69 0.1253093
123 83 0.07997704
123 92 0.79729724
123 179 0.1912127
123 189 0.6367282
123 167 0.8798331
124 8 0.8054217
124 80 0.029546397
124 160 0.78765243
124 195 0.28163147
124 200 0.7896978
125 5 0.8533851
125 16 0.4575744
125 19 0.7881713
125 39 0.47505337
125 45 0.817135
125 51 0.5667944
125 110 0.7956358
125 122 0.91921663
125 191 0.7124441
125 139 0.6079185
125 169 0.17556736
125 174 0.54038525
125 195 0.21369521
125 165 0.23208603
126 22 0.3019046
126 62 0.46165332
126 75 0.8265771
126 101 0.6982536
126 142 0.09458247
126 186 0.22090422
127 50 0.29551578
127 52 0.6784885
127 77 0.07081887
127 192 0.09279364
127 140 0.49755487
127 156 0.06466682
127 180 0.74920905
128 22 0.24265882
128 66 0.74803567
128 75 0.19871762
128 88 0.60429966
128 94 0.16147646
128 101 0.17558897
128 142 0.6297994
128 186 0.3292912
128 188 0.0679451
128 190 0.07459548
128 194 0.7412009
129 25 0.3239462
129 49 0.33422676
129 57 0.17052759
129 59 0.87934875
129 83 0.29540208
129 189 0.09943396
129 184 0.50675887
130 30 0.18030737
130 85 0.6450647
130 87 0.2672097
130 109 0.74860424
130 116 0.068105556
130 176 0.850004
130 160 0.93329763
131 9 0.37525353
131 29 0.3021375
131 47 0.8631325
131 58 0.58032614
131 67 0.8952921
131 69 0.5304368
131 70 0.7029798
131 167 0.6015415
131 196 0.70029956
132 21 0.2812632
132 86 0.61455107
132 182 0.06411294
132 137 0.39019
133 2 0.77770764
133 8 0.6118482
133 54 0.028093606
133 56 0.23411295
133 106 0.28229102
133 160 0.75709134
133 164 0.014218779
133 197 0.8804606
133 193 0.5074288
134 6 0.44788718
134 19 0.23749459
134 39 0.7389705
134 51 0.036974374
134 87 0.7025173
134 90 0.27839255
134 105 0.0868256
134 110 0.59753406
134 191 0.2560964
134 169 0.766891
135 9 0.108722806
135 13 0.2656094
135 46 0.5613218
135 58 0.36288035
135 60 0.7642616
135 72 0.25914505
135 100 0.6145388
135 107 0.38709685
135 108 0.7174298
135 118 0.72408897
135 178 0.8090841
135 196 0.8476229
135 157 0.28495103
135 151 0.90525454
136 12 0.5708897
136 84 0.93135756
136 89 0.07841166
136 121 0.49574047
136 150 0.7284135
136 149 0.30355722
137 1 0.08213609
137 3 0.04624057
137 21 0.41373995
137 24 0.079160206
137 70 0.74087256
137 74 0.06190915
137 86 0.652576
137 132 0.36405298
137 183 0.4768704
137 193 0.7424071
138 35 0.8176525
138 155 0.7454093
138 171 0.35862234
139 5 0.5685634
139 6 0.55365586
139 16 0.94857913
139 19 0.83718634
139 39 0.876723
139 45 0.26274768
139 51 0.72015226
139 110 0.075122006
139 122 0.58303094
139 125 0.11396813
139 191 0.8965357
139 169 0.8363811
139 174 0.36518186
139 195 0.92860466
140 15 0.43651783
140 50 0.8484003
140 52 0.85816175
140 77 0.310219
140 127 0.0019291631
140 185 0.07680964
140 148 0.5927746
140 192 0.7495805
140 141 0.3841395
140 180 0.2916342
140 163 0.76816446
141 15 0.3039995
141 42 0.353513
141 50 0.7559744
141 140 0.6056603
141 185 0.43849143
142 22 0.4275105
142 62 0.70734835
142 66 0.5387374
142 75 0.7390029
142 88 0.59825283
142 126 0.9217472
142 128 0.728766
142 170 0.20237763
142 186 0.1694752
142 188 0.0024757753
142 194 0.81883186
143 93 0.59737974
143 120 0.4826128
143 147 0.6986652
144 7 0.44860885
144 14 0.2858529
144 55 0.9269136
144 57 0.8748839
144 68 0.7878567
144 81 0.16845441
144 82 0.7602909
144 114 0.6570109
144 119 0.61288226
144 122 0.24016218
144 195 0.54092586
144 165 0.41973546
145 23 0.8858135
145 26 0.6375491
145 28 0.18229818
145 29 0.4860113
145 36 0.4327164
145 48 0.4967618
145 91 0.8710939
145 92 0.73832154
145 113 0.38131285
145 167 0.85247916
145 199 0.14928897
145 187 0.30333352
146 38 0.73378867
146 79 0.8160095
146 152 0.5628841
147 93 0.08073078
147 120 0.33617103
147 143 0.85858995
148 4 0.48422933
148 11 0.2790426
148 15 0.5797275
148 40 0.78371876
148 50 0.6040786
148 96 0.30513552
148 98 0.16328882
148 117 0.8655003
148 140 0.8751785
148 177 0.66962296
148 166 0.36358666
148 185 0.12956205
148 192 0.66657263
149 26 0.07797925
149 41 0.84201604
149 121 0.13119362
149 136 0.035202004
149 159 0.6562792
150 12 0.02852156
150 84 0.5210298
150 88 0.3010642
150 89 0.4685709
150 99 0.6972072
150 102 0.7235839
150 136 0.47376618
151 27 0.27483663
151 46 0.3150928
151 60 0.07226827
151 61 0.7406138
151 72 0.5589785
151 100 0.06854255
151 103 0.617874
151 108 0.62065834
151 118 0.21477234
151 135 0.4075145
151 168 0.17397396
151 157 0.7682539
152 31 0.7721185
152 38 0.7331764
152 65 0.095928095
152 79 0.5572235
152 146 0.68803877
153 21 0.6002146
153 42 0.83870476
153 54 0.25840026
153 86 0.88873404
153 112 0.89480966
153 158 0.90611976
154 14 0.11136862
154 32 0.6785862
154 37 0.39789405
154 49 0.32516524
154 80 0.12625669
154 83 0.44808033
154 114 0.5095271
154 175 0.93295324
154 179 0.3056883
154 189 0.0022046166
154 184 0.07005508
155 35 0.90427256
155 64 0.8303979
155 71 0.9473274
155 138 0.20298558
155 171 0.6646915
156 52 0.55149513
156 77 0.26302668
156 127 0.7645479
156 192 0.6203009
156 180 0.16071308
157 9 0.13476872
157 13 0.01784996
157 58 0.6032462
157 60 0.28693748
157 67 0.91338134
157 100 0.458433
157 107 0.58242667
157 108 0.8089699
157 135 0.28675386
157 151 0.7170162
157 178 0.44292468
157 196 0.6760092
158 54 0.7417017
158 112 0.092536636
158 153 0.93367714
159 23 0.32086352
159 26 0.78577447
159 41 0.8469636
159 84 0.0420962
159 91 0.6504498
159 99 0.15756434
159 121 0.056534823
159 149 0.07736035
160 2 0.9177476
160 8 0.633568
160 56 0.73540986
160 73 0.017769244
160 106 0.59489924
160 116 0.7407304
160 124 0.74149096
160 130 0.22252293
160 133 0.85266954
160 176 0.38329706
161 31 0.829012
161 33 0.83754945
161 34 0.29629678
161 43 0.86728925
161 65 0.040022634
161 103 0.2558156
161 108 0.5466685
161 115 0.22858256
161 181 0.35902137
162 18 0.21418197
162 63 0.10416434
162 76 0.7793529
162 78 0.42538005
162 104 0.1037474
163 10 0.37787023
163 13 0.20298214
163 20 0.33969557
163 27 0.31685582
163 46 0.6414029
163 52 0.75967526
163 60 0.57308644
163 77 0.24543035
163 95 0.56666154
163 107 0.7285169
163 118 0.7526728
163 140 0.786758
163 168 0.2482844
164 2 0.055338275
164 8 0.7071846
164 21 0.19305941
164 54 0.23323528
164 86 0.8767357
164 106 0.53831047
164 133 0.8774515
164 197 0.7444323
164 193 0.106276326
165 5 0.8810577
165 51 0.27760333
165 122 0.670547
165 125 0.8641695
165 144 0.5780857
166 4 0.32488304
166 11 0.5004924
166 15 0.31490517
166 40 0.67137545
166 50 0.18188933
166 96 0.33019352
166 98 0.29252845
166 117 0.767192
166 148 0.9086038
166 177 0.07020656
166 185 0.79105663
167 28 0.38901243
167 29 0.9280162
167 47 0.6088341
167 67 0.36884132
167 69 0.80063224
167 70 0.7546397
167 92 0.746
167 113 0.047853347
167 123 0.21486594
167 131 0.27566504
167 145 0.5092584
167 196 0.265643
168 10 0.7517728
168 27 0.21674086
168 46 0.05303129
168 52 0.7195397
168 60 0.19656593
168 61 0.6128838
168 77 0.009079755
168 118 0.5746569
168 151 0.14763245
168 163 0.7448213
169 5 0.24709216
169 6 0.63179034
169 19 0.8360496
169 39 0.1928448
169 45 0.8802912
169 51 0.54808503
169 90 0.31190526
169 105 0.7490296
169 110 0.5974083
169 125 0.34605467
169 134 0.20608035
169 139 0.22439131
169 191 0.9045725
169 174 0.06513865
170 22 0.6653438
170 53 0.6893803
170 55 0.53257614
170 62 0.12197632
170 68 0.11759525
170 75 0.52221256
170 81 0.83899105
170 82 0.3290437
170 97 0.51918983
170 142 0.8591839
170 173 0.6336766
170 186 0.78146595
171 35 0.6645039
171 64 0.5926305
171 71 0.84995395
171 73 0.63620985
171 138 0.7557375
171 155 0.57291335
172 17 0.17793275
172 18 0.58373344
172 30 0.31562215
172 71 0.42582107
172 85 0.3347604
172 111 0.8187851
173 53 0.18322484
173 62 0.6810256
173 82 0.55263925
173 97 0.06591473
173 170 0.6837433
174 5 0.17681323
174 16 0.37946218
174 19 0.9140757
174 39 0.91235405
174 45 0.64057416
174 51 0.34371957
174 110 0.22538377
174 122 0.15341276
174 125 0.580593
174 139 0.5315711
174 169 0.947977
174 191 0.3953448
174 195 0.27936733
174 200 0.6237035
175 7 0.94565415
175 14 0.6668651
175 32 0.35728157
175 37 0.47759306
175 49 0.050712526
175 80 0.40969303
175 83 0.734571
175 114 0.21200198
175 154 0.07126441
175 179 0.5581837
175 189 0.53144103
175 184 0.09705098
176 17 0.2605903
176 30 0.4015023
176 56 0.3534065
176 73 0.084667094
176 85 0.8604166
176 116 0.44318345
176 130 0.20305824
176 160 0.7146688
177 4 0.5240222
177 11 0.9176277
177 40 0.82777935
177 44 0.6645111
177 96 0.84602123
177 98 0.33187392
177 117 0.16956137
177 148 0.6269801
177 166 0.3996671
178 9 0.16384953
178 13 0.6701389
178 29 0.7124423
178 58 0.6351462
178 67 0.031125667
178 100 0.92337173
178 107 0.42630172
178 135 0.04962886
178 157 0.21447398
178 196 0.17382312
179 1 0.56840885
179 3 0.647152
179 24 0.27120218
179 37 0.09021347
179 69 0.48002785
179 74 0.16471301
179 83 0.5293472
179 123 0.40585175
179 154 0.84148675
179 175 0.4299781
179 183 0.10992032
179 189 0.29858303
180 52 0.2668012
180 77 0.6881269
180 127 0.13042982
180 140 0.27501523
180 156 0.32384524
180 192 0.13629144
181 31 0.81451744
181 34 0.36343127
181 43 0.399934
181 65 0.11130728
181 115 0.39317775
181 161 0.26011425
181 187 0.5454166
182 20 0.68107754
182 95 0.74790806
182 132 0.9396276
183 1 0.8714105
183 3 0.7290361
183 24 0.69434595
183 37 0.47197083
183 70 0.5311613
183 74 0.2338324
183 137 0.19327033
183 179 0.022389071
183 193 0.7880803
184 7 0.7995355
184 14 0.0833747
184 25 0.01755545
184 32 0.33634445
184 49 0.94998413
184 57 0.46062097
184 68 0.7938049
184 81 0.7800716
184 83 0.67523503
184 114 0.7450813
184 129 0.17524152
184 154 0.8448815
184 175 0.74212503
184 189 0.53367543
185 4 0.26640317
185 15 0.46587586
185 50 0.6243038
185 140 0.5871255
185 141 0.72509915
185 148 0.7198634
185 166 0.79129475
186 22 0.81380063
186 62 0.6206932
186 66 0.07058919
186 75 0.05590652
186 88 0.14258891
186 94 0.06900692
186 101 0.44307673
186 126 0.27652895
186 128 0.1876878
186 142 0.53018105
186 170 0.76275325
186 188 0.112487525
186 194 0.756122
187 23 0.18165262
187 31 0.48204806
187 48 0.55813766
187 145 0.5329073
187 181 0.6041233
187 199 0.6220825
187 198 0.90928876
188 22 0.7507041
188 66 0.50297654
188 88 0.9248694
188 102 0.33178285
188 128 0.21962768
188 142 0.5885193
188 186 0.20497085
188 194 0.8795706
189 3 0.6614531
189 14 0.6838081
189 32 0.5235981
189 37 0.6098278
189 49 0.91743124
189 74 0.341238
189 83 0.036607567
189 114 0.177052
189 123 0.51928806
189 129 0.1775187
189 154 0.8712904
189 175 0.5535502
189 179 0.387592
189 184 0.17286608
190 12 0.12568606
190 66 0.52954584
190 88 0.245494
190 89 0.21153055
190 94 0.3080072
190 102 0.51983935
190 128 0.55284053
190 194 0.4390639
191 5 0.4270727
191 6 0.88470733
191 16 0.59823376
191 19 0.26122576
191 39 0.5809876
191 45 0.076069415
191 51 0.31781602
191 87 0.5803271
191 90 0.020215927
191 105 0.71690094
191 110 0.23082411
191 122 0.20630822
191 125 0.29610705
191 134 0.6944288
191 139 0.10573827
191 169 0.81952715
191 174 0.24921659
192 15 0.5455259
192 50 0.057360608
192 52 0.4493428
192 77 0.066021346
192 98 0.57752883
192 127 0.37929952
192 140 0.6716694
192 148 0.50320894
192 156 0.6317718
192 180 0.37439558
193 1 0.781084
193 21 0.5698295
193 24 0.8739992
193 74 0.46340317
193 86 0.88271743
193 133 0.50676495
193 137 0.38518777
193 164 0.78610885
193 183 0.4202317
193 197 0.37487608
194 12 0.003451834
194 66 0.46143317
194 88 0.12917179
194 89 0.25231746
194 94 0.70219135
194 102 0.9111157
194 128 0.052315377
194 142 0.8624612
194 186 0.566493
194 188 0.31927255
194 190 0.32286233
195 32 0.10278868
195 45 0.45936403
195 114 0.7082136
195 119 0.41893414
195 122 0.4433684
195 124 0.6478483
195 125 0.41360953
195 139 0.05410973
195 144 0.33341
195 174 0.64242536
195 200 0.6836176
196 9 0.003291705
196 28 0.87407196
196 29 0.71252203
196 43 0.19812147
196 47 0.29368165
196 58 0.7164443
196 67 0.75112206
196 131 0.60073996
196 135 0.038376458
196 157 0.2884018
196 167 0.7437118
196 178 0.84288037
197 2 0.77083904
197 8 0.8024689
197 21 0.46565002
197 54 0.7465364
197 80 0.44485447
197 86 0.7791278
197 106 0.07177257
197 133 0.41118762
197 164 0.7167163
197 193 0.7005855
198 23 0.7765019
198 26 0.85036236
198 41 0.4641728
198 48 0.23982145
198 91 0.38825378
198 187 0.074303046
199 23 0.04908389
199 26 0.35231987
199 28 0.34195706
199 43 0.0770081
199 48 0.84350914
199 91 0.2689133
199 113 0.77391493
199 145 0.22100767
199 187 0.7683657
200 32 0.449698
200 45 0.91038394
200 80 0.2172517
200 114 0.3296321
200 119 0.33335376
200 122 0.43567848
200 124 0.54697967
200 174 0.59179497
200 195 0.20563368
