1 287 0.4806718
1 187 0.65651387
1 49 0.8449164
1 50 0.5316649
1 89 0.58896244
1 198 0.13186677
1 213 0.36618733
1 63 0.34671602
1 79 0.8791049
1 279 0.8775058
2 200 0.2722483
2 253 0.08212413
2 139 0.17704466
3 33 0.61099917
3 92 0.8329199
3 174 0.7045914
3 45 0.70046836
3 26 0.9167967
3 51 0.35089782
3 91 0.73176235
3 119 0.1521163
3 199 0.24204439
3 285 0.10076824
3 201 0.27073458
4 286 0.18224399
4 231 0.2041755
4 275 0.7351905
4 33 0.7321442
4 92 0.21833135
4 174 0.1989365
4 51 0.5564691
4 91 0.4756104
4 119 0.93938625
4 282 0.13775909
5 117 0.5949885
5 209 0.16557483
5 212 0.15344068
5 107 0.06363813
5 108 0.7952329
5 189 0.53682065
5 53 0.13608724
5 153 0.8159256
5 188 0.31736302
5 240 0.18020628
6 54 0.1731528
6 107 0.6617007
6 108 0.015574339
6 189 0.24739975
6 240 0.48285824
6 29 0.13062671
6 47 0.64670736
6 236 0.43464753
6 289 0.27606073
6 31 0.006453771
7 204 0.089834005
7 115 0.26186448
7 299 0.47142717
7 226 0.441579
7 58 0.68679225
7 86 0.9205786
7 239 0.94163555
7 288 0.85732305
7 69 0.09089163
7 276 0.35451728
8 70 0.43495283
8 29 0.5298339
8 47 0.9332623
8 284 0.09686849
8 25 0.91078615
8 134 0.9477776
8 170 0.83157057
8 273 0.8695038
8 291 0.23405558
8 23 0.8262267
9 197 0.4230733
9 158 0.24869694
9 180 0.11548566
9 208 0.5214057
9 298 0.9112338
9 126 0.24512406
9 243 0.43116403
9 123 0.56220454
10 158 0.81237197
10 180 0.6171803
10 208 0.6399638
10 18 0.12961967
10 214 0.87707144
10 298 0.47489786
10 123 0.7846786
11 58 0.60353315
11 86 0.7753162
11 99 0.6010012
11 154 0.49396634
11 32 0.55348974
11 142 0.7905794
11 88 0.10188377
11 217 0.33345127
11 276 0.104382604
11 13 0.17833705
11 186 0.21854211
12 202 0.6015802
12 22 0.57920676
12 35 0.21472944
12 71 0.84375215
12 94 0.4950817
12 270 0.742292
12 37 0.26934233
12 290 0.20302273
12 41 0.8061255
12 96 0.6936736
12 77 0.14733124
12 227 0.8021121
13 11 0.21209559
13 32 0.2645298
13 142 0.028512882
13 217 0.35636124
13 138 0.30714154
13 186 0.54961395
13 215 0.8377258
13 220 0.7320849
13 135 0.35359243
14 190 0.12054473
14 62 0.7402318
14 121 0.9401307
14 100 0.08772095
14 74 0.90527326
14 76 0.28348097
14 124 0.9158256
14 200 0.31917623
14 210 0.8794104
14 46 0.8871716
14 80 0.4891229
14 157 0.74685663
14 261 0.8456385
14 139 0.110316925
14 218 0.52645946
14 118 0.4782896
15 106 0.817507
15 175 0.7490717
15 229 0.56651425
15 17 0.9120704
15 140 0.55770946
15 263 0.21297908
15 33 0.5010907
15 45 0.8001442
15 207 0.07818957
16 26 0.8865472
16 51 0.803596
16 119 0.115967564
16 147 0.8916745
16 251 0.8063165
16 258 0.7898401
16 216 0.17283377
17 15 0.7633255
17 106 0.50048226
17 175 0.14082702
17 229 0.32712597
17 140 0.010897569
17 263 0.36670116
17 41 0.36014682
17 207 0.20585541
18 10 0.73335177
18 214 0.69668436
18 266 0.39508957
19 150 0.7398708
19 82 0.42112175
19 181 0.9461189
19 62 0.6472925
19 121 0.8777504
19 183 0.59401256
19 238 0.93435884
19 277 0.8752237
19 99 0.10736488
19 154 0.3565954
19 46 0.07596789
19 80 0.086710446
19 87 0.114493
20 297 0.60880846
20 127 0.41921473
20 159 0.49174845
21 114 0.21709698
21 264 0.14972952
21 28 0.014531232
21 72 0.48596528
21 163 0.6300774
21 196 0.45394543
22 12 0.8319942
22 104 0.71241677
22 247 0.4741392
22 269 0.80321
22 39 0.2839948
22 165 0.041322608
22 202 0.021871582
22 35 0.086924374
22 71 0.027106775
22 94 0.6363024
22 270 0.17376001
22 37 0.6258345
22 290 0.7687085
22 96 0.7004631
23 8 0.84694666
23 284 0.33967057
23 134 0.2801819
23 170 0.43442383
23 273 0.39350218
23 291 0.26595616
23 103 0.62360036
23 34 0.0085354615
23 113 0.4408657
23 168 0.76371884
24 123 0.26086393
24 248 0.80813456
24 300 0.8113131
25 8 0.2604017
25 70 0.899464
25 29 0.886527
25 47 0.60142887
25 236 0.9049232
25 284 0.029743537
25 134 0.59861743
25 170 0.39193317
25 273 0.08382672
25 291 0.012636528
26 3 0.76848716
26 16 0.4570642
26 174 0.46479273
26 51 0.71251404
26 91 0.4622008
26 119 0.31916392
26 147 0.27861896
26 251 0.67451185
26 282 0.82331043
27 160 0.83198595
27 206 0.48788324
27 237 0.91741276
27 246 0.18763186
27 228 0.7839793
27 149 0.94209963
27 234 0.45379302
28 21 0.2569028
28 114 0.37434334
28 264 0.557542
28 72 0.6296184
28 163 0.41750887
28 196 0.9317181
29 6 0.45916212
29 8 0.81741124
29 25 0.4430084
29 70 0.016723454
29 47 0.91399926
29 236 0.43935364
29 289 0.9272053
29 31 0.5675274
29 205 0.7815584
29 249 0.18365599
29 134 0.49823332
29 273 0.34798545
29 291 0.37024945
30 83 0.78554076
30 222 0.047020774
30 129 0.65684897
30 111 0.8172888
30 224 0.21682602
30 225 0.89393127
30 167 0.21099667
30 265 0.08818533
31 6 0.850869
31 29 0.92775923
31 53 0.5707783
31 153 0.053155534
31 240 0.5599058
31 47 0.82008433
31 236 0.89019924
31 289 0.5017574
31 205 0.67078465
31 249 0.89758646
31 182 0.64656556
32 11 0.5412035
32 13 0.43062234
32 142 0.66136813
32 88 0.6912135
32 161 0.35045144
32 217 0.3061959
32 276 0.12206437
32 186 0.020392802
32 215 0.5108465
32 220 0.84066665
33 3 0.2580137
33 4 0.8396202
33 15 0.021798443
33 286 0.03721493
33 175 0.6803447
33 229 0.07505029
33 140 0.47994918
33 92 0.5803316
33 174 0.6436671
33 45 0.5437718
34 23 0.30422857
34 134 0.529992
34 170 0.939209
34 113 0.92068654
34 168 0.5374951
34 219 0.047719404
35 12 0.5558037
35 22 0.79199845
35 202 0.9168888
35 71 0.14910872
35 94 0.47650903
35 270 0.2106705
35 41 0.59923303
35 96 0.014513695
35 77 0.44353366
35 227 0.5467499
36 41 0.48014295
36 187 0.46429327
36 207 0.8561015
36 85 0.7438139
36 145 0.8767062
36 155 0.92587876
36 184 0.6291058
36 213 0.16906412
36 156 0.65281004
37 12 0.8107451
37 22 0.94881064
37 39 0.2523564
37 165 0.08217447
37 71 0.7514717
37 287 0.25200444
37 290 0.6928183
37 136 0.8997806
37 96 0.13770415
37 77 0.042649824
37 227 0.5440461
37 50 0.43424952
38 214 0.22927824
38 266 0.39963576
39 22 0.38801703
39 37 0.01524963
39 42 0.23537575
39 247 0.6550725
39 269 0.45491076
39 55 0.694205
39 98 0.3348406
39 165 0.090187564
39 71 0.4112907
39 270 0.29466802
39 290 0.5699403
40 61 0.9251367
40 73 0.68074465
40 292 0.173044
40 57 0.6526338
40 112 0.080261
40 84 0.36151877
40 209 0.15391184
40 256 0.13940294
40 267 0.7023427
40 271 0.5226494
41 12 0.21491627
41 17 0.88721436
41 35 0.67518103
41 36 0.7650256
41 96 0.36500823
41 187 0.48848614
41 227 0.079354614
41 207 0.25664553
41 85 0.5023566
41 145 0.37662774
41 155 0.3792276
41 184 0.71045536
42 39 0.41176987
42 185 0.24996246
42 169 0.24894236
42 247 0.5937955
42 269 0.4464399
42 55 0.6353608
42 98 0.046740774
42 165 0.43032786
43 130 0.83532566
43 131 0.64554965
43 166 0.86741567
43 178 0.62931156
43 272 0.5623604
44 125 0.7470962
44 67 0.6697346
44 87 0.5573898
44 137 0.32114282
44 138 0.51744944
44 59 0.9471381
44 65 0.80461985
44 177 0.09785041
44 195 0.6077457
44 164 0.7218896
44 278 0.72145945
45 3 0.4644737
45 15 0.4506373
45 33 0.51799273
45 140 0.15583727
45 207 0.5146408
45 199 0.0021771782
45 230 0.048142243
45 285 0.9348247
46 14 0.3452189
46 19 0.027708407
46 62 0.008955485
46 121 0.9175114
46 162 0.7403511
46 238 0.16315728
46 277 0.9181682
46 74 0.67901987
46 76 0.58735174
46 210 0.9028474
46 80 0.50304073
46 125 0.16748483
46 157 0.8239945
46 261 0.83038
46 67 0.17191204
46 87 0.94322145
46 118 0.8272463
47 6 0.32388735
47 8 0.44098598
47 25 0.7987667
47 29 0.38867447
47 31 0.50055057
47 240 0.67250156
47 236 0.3694453
47 289 0.7201446
47 205 0.6751615
47 249 0.67646426
47 134 0.16386293
47 273 0.4306222
47 291 0.31745258
47 182 0.7324498
48 295 0.3649556
48 221 0.18296188
48 211 0.47707105
48 259 0.0741443
48 93 0.70139956
48 101 0.5596296
48 110 0.2004577
48 151 0.31268683
48 233 0.80316794
49 1 0.120241895
49 287 0.3185474
49 97 0.4463736
49 136 0.61246556
49 280 0.73707086
49 109 0.7770674
49 50 0.56447077
49 274 0.6264826
49 283 0.87671006
49 63 0.8234713
49 79 0.375014
50 1 0.39515936
50 37 0.907311
50 49 0.6932353
50 287 0.47426125
50 97 0.17638202
50 136 0.9020908
50 280 0.86941266
51 3 0.0057698125
51 4 0.7601266
51 16 0.48514345
51 26 0.5776278
51 231 0.5685178
51 92 0.69671655
51 174 0.39139903
51 91 0.5844736
51 119 0.53807074
51 147 0.844084
51 251 0.5526683
51 282 0.12453491
52 116 0.5277101
52 281 0.8300581
52 54 0.7900437
52 256 0.021890895
52 267 0.80099916
52 271 0.44046772
52 173 0.87412953
52 226 0.13916782
53 5 0.56797725
53 31 0.010895233
53 117 0.55423194
53 212 0.75782466
53 108 0.1914352
53 189 0.5135616
53 153 0.8830184
53 188 0.84016114
53 240 0.50328034
54 6 0.17079844
54 52 0.071884885
54 256 0.9330968
54 267 0.94722
54 271 0.5255626
54 107 0.904005
54 108 0.56831723
54 173 0.34220958
54 289 0.8399313
55 39 0.9344157
55 42 0.57332236
55 185 0.4775833
55 169 0.16906849
55 247 0.04367577
55 269 0.36576554
55 98 0.6639882
55 165 0.083282635
56 85 0.22444719
56 145 0.40198955
56 155 0.532905
56 184 0.8779248
56 213 0.12205741
56 230 0.6651195
56 150 0.22664121
56 156 0.2935125
56 176 0.6280239
56 254 0.73430085
56 82 0.55033016
56 183 0.42986685
57 40 0.69553214
57 203 0.06806357
57 73 0.8530016
57 292 0.21077658
57 112 0.38900694
57 84 0.4517176
57 194 0.68239725
57 209 0.034541436
57 242 0.13534689
57 256 0.90010804
57 271 0.5327326
58 7 0.77288127
58 11 0.3706085
58 204 0.008113579
58 86 0.7636056
58 239 0.7497993
58 288 0.34619477
58 69 0.84326625
58 154 0.83708996
58 142 0.9039862
58 217 0.48308378
58 276 0.18094559
59 44 0.07551041
59 67 0.084260985
59 87 0.78048277
59 137 0.059314698
59 138 0.3562895
59 65 0.15174375
59 177 0.7802326
59 195 0.20853741
59 164 0.28162372
59 278 0.8901906
60 199 0.5083153
60 216 0.8994085
60 260 0.23253328
60 148 0.376658
60 190 0.29867005
60 201 0.104801066
60 100 0.16035694
60 124 0.4714079
61 40 0.7030928
61 97 0.5450101
61 280 0.56098676
61 73 0.8617022
61 109 0.015292199
61 292 0.2206502
61 274 0.17307611
61 281 0.4908285
61 283 0.71613234
61 267 0.0032199323
61 271 0.24925175
62 14 0.05475997
62 19 0.082427315
62 46 0.19850434
62 150 0.015996149
62 148 0.7127526
62 121 0.47348547
62 162 0.5025798
62 183 0.14112897
62 191 0.39057818
62 238 0.32975236
62 277 0.2934345
62 76 0.92138827
62 80 0.65695804
62 261 0.74557227
63 1 0.70996565
63 49 0.60937524
63 281 0.19982159
63 89 0.35450527
63 198 0.69362223
63 213 0.40872607
63 79 0.13813512
63 204 0.8039704
63 279 0.5429346
63 115 0.18070586
63 128 0.9331331
63 299 0.081426635
64 163 0.8358505
64 196 0.491169
64 68 0.34016737
64 193 0.24386445
64 223 0.7477394
64 294 0.44208637
65 44 0.30158034
65 59 0.17759457
65 125 0.38295212
65 67 0.019466609
65 87 0.25048375
65 137 0.24155764
65 138 0.40240717
65 177 0.5961999
65 195 0.6295127
65 164 0.2835164
65 278 0.7463604
66 233 0.6515016
66 81 0.3186821
66 104 0.8657976
66 202 0.5111449
66 241 0.3926584
66 244 0.4251599
67 44 0.47576642
67 46 0.94589347
67 59 0.9081376
67 65 0.08240343
67 80 0.13328995
67 125 0.5043756
67 157 0.45072567
67 87 0.38972822
67 137 0.407146
67 118 0.059441384
67 257 0.6880841
67 195 0.5271613
68 64 0.9222096
68 196 0.08327276
68 193 0.2944967
68 223 0.42098215
68 294 0.9075898
69 7 0.9140392
69 58 0.67550474
69 86 0.7155749
69 239 0.07398852
69 88 0.84666103
69 217 0.51201177
69 276 0.29867414
69 103 0.5870039
70 8 0.34382874
70 25 0.7397764
70 29 0.37327957
70 226 0.26291108
70 284 0.83236045
70 134 0.94207627
70 273 0.52997285
70 291 0.426156
71 12 0.5630929
71 22 0.39805946
71 35 0.15353028
71 37 0.69146496
71 39 0.39623293
71 202 0.29278868
71 94 0.52700996
71 270 0.18051201
71 290 0.8754135
71 96 0.2700803
71 77 0.8084084
71 227 0.6204439
72 21 0.22093965
72 28 0.93245673
72 114 0.042729035
72 102 0.07434899
72 264 0.1297575
72 163 0.73627764
72 196 0.38093188
72 81 0.24443437
73 40 0.91867214
73 57 0.41533217
73 61 0.27881855
73 109 0.8407835
73 292 0.55668557
73 112 0.7418092
73 274 0.5346553
73 283 0.06020113
73 256 0.7437609
73 267 0.2820474
73 271 0.084831096
74 14 0.34519026
74 46 0.5742733
74 100 0.041997153
74 76 0.6290924
74 124 0.45153752
74 200 0.85973054
74 210 0.6189699
74 80 0.2699402
74 157 0.39689285
74 261 0.49735868
74 139 0.017498853
74 218 0.85004884
74 118 0.33027583
75 248 0.8007419
75 300 0.20676628
75 192 0.83388174
75 262 0.1298827
76 14 0.57897973
76 46 0.024352897
76 62 0.4206843
76 74 0.9037314
76 121 0.45612112
76 124 0.84590375
76 200 0.70431316
76 210 0.60468245
76 80 0.58471346
76 125 0.29378626
76 157 0.8810623
76 261 0.8582592
76 139 0.72645265
76 218 0.5564463
76 118 0.4304047
77 12 0.5088554
77 35 0.6907434
77 37 0.4234209
77 71 0.52318275
77 287 0.6078539
77 290 0.10236771
77 96 0.94733113
77 187 0.61794627
77 227 0.4189549
78 95 0.25951126
78 146 0.58587503
78 232 0.51149523
78 234 0.6450333
78 122 0.6945961
78 172 0.6781103
79 1 0.52226114
79 49 0.6121473
79 63 0.8387295
79 116 0.5483165
79 281 0.09927183
79 89 0.16775145
79 198 0.6072886
79 204 0.7993045
79 279 0.4673849
79 115 0.5220585
79 128 0.13073586
79 299 0.8288589
79 288 0.8808766
80 14 0.605282
80 19 0.6609287
80 46 0.68048686
80 62 0.34252778
80 67 0.41938546
80 74 0.8344844
80 76 0.84001535
80 121 0.5717752
80 162 0.28741357
80 238 0.694499
80 277 0.52233535
80 210 0.12541123
80 125 0.6029084
80 157 0.020501355
80 261 0.7996124
80 87 0.28306234
80 118 0.85482347
81 66 0.7363499
81 72 0.89763254
81 102 0.8580958
81 233 0.76098126
81 244 0.6196647
82 19 0.5293655
82 56 0.8726959
82 150 0.714794
82 176 0.35300612
82 254 0.53862715
82 181 0.74607986
82 183 0.31059906
82 99 0.2853687
82 154 0.3240627
83 30 0.30993256
83 143 0.6911692
83 222 0.24409325
83 126 0.04831621
83 129 0.6473182
83 243 0.4792698
83 111 0.78693026
83 167 0.60475975
84 40 0.55381274
84 57 0.30336088
84 112 0.47900403
84 117 0.46373
84 194 0.21330102
84 209 0.698156
84 242 0.3505931
84 256 0.41841635
85 36 0.3072661
85 41 0.8203681
85 56 0.669119
85 187 0.05815943
85 207 0.045293763
85 145 0.8435202
85 155 0.37135124
85 184 0.6526579
85 230 0.7513853
85 156 0.32094726
86 7 0.4480322
86 11 0.7681237
86 58 0.77924067
86 69 0.038684994
86 239 0.7078916
86 288 0.8937659
86 154 0.3229973
86 142 0.7582903
86 217 0.25710887
86 276 0.30929333
87 19 0.9400956
87 44 0.43698362
87 46 0.642018
87 59 0.27910993
87 65 0.6840643
87 67 0.31562033
87 80 0.1334069
87 125 0.25960752
87 137 0.39785776
87 138 0.8022804
87 177 0.7677923
87 195 0.34882104
88 11 0.075993456
88 32 0.6114527
88 69 0.1230123
88 142 0.5891965
88 161 0.12165236
88 217 0.6750594
88 276 0.27353212
88 220 0.32099348
89 1 0.0047469437
89 63 0.68439704
89 79 0.23084438
89 198 0.5058842
89 213 0.35921147
89 204 0.008566612
89 279 0.58663076
90 113 0.14883523
90 168 0.5725569
90 219 0.21159011
90 146 0.15574178
90 232 0.5266032
91 3 0.9236504
91 4 0.47634414
91 26 0.9403218
91 51 0.42736363
91 231 0.94973606
91 92 0.25431675
91 174 0.6233663
91 119 0.48297477
91 147 0.75385237
91 251 0.31830427
91 282 0.8855516
92 3 0.5405561
92 4 0.23000395
92 33 0.29567525
92 51 0.45172554
92 91 0.29771814
92 286 0.17169847
92 174 0.6835682
92 119 0.9308699
92 282 0.33649725
93 48 0.8912172
93 295 0.28324035
93 221 0.0063862787
93 259 0.19691287
93 101 0.90059274
93 110 0.25193185
93 151 0.60259145
93 233 0.60767823
93 185 0.14794303
94 12 0.45549917
94 22 0.90907776
94 35 0.4127401
94 71 0.78160244
94 104 0.32567087
94 202 0.3225732
94 241 0.5337474
94 270 0.24523206
94 96 0.28058553
94 227 0.053503875
95 78 0.022551682
95 146 0.78879017
95 232 0.7910204
95 122 0.13732107
96 12 0.77986187
96 22 0.17737871
96 35 0.07801116
96 37 0.80006325
96 41 0.5893533
96 71 0.56951815
96 77 0.1052353
96 94 0.5745511
96 287 0.72959304
96 290 0.8968642
96 187 0.7618254
96 227 0.88086015
97 49 0.43419763
97 50 0.3765457
97 61 0.39697993
97 136 0.92139256
97 252 0.740296
97 280 0.86858124
97 109 0.5760366
97 274 0.18287359
97 283 0.7264298
98 39 0.45139176
98 42 0.7097223
98 55 0.5249233
98 169 0.7073265
98 247 0.48815215
98 269 0.2862493
98 165 0.49177828
99 11 0.08144768
99 19 0.5273814
99 82 0.8778055
99 181 0.50921696
99 183 0.9423581
99 238 0.5077649
99 154 0.19536091
100 14 0.19872722
100 60 0.94377285
100 74 0.07915025
100 216 0.45021173
100 260 0.10770944
100 190 0.44692826
100 152 0.14926547
100 235 0.20802927
100 124 0.5880543
100 200 0.37390438
100 253 0.465717
101 48 0.64580894
101 93 0.44090268
101 102 0.7422222
101 211 0.46916664
101 259 0.72504437
101 110 0.73918986
101 151 0.07146748
101 233 0.75078386
102 72 0.21006638
102 81 0.27857488
102 101 0.7420942
102 114 0.7057742
102 179 0.019348096
102 211 0.6824209
102 259 0.59345883
102 264 0.9423136
102 151 0.4148491
102 233 0.8897319
103 23 0.75200653
103 69 0.8502306
103 161 0.44638625
103 206 0.17694926
104 22 0.078512564
104 66 0.9382899
104 94 0.5160751
104 110 0.8232957
104 247 0.59306765
104 202 0.14461432
104 241 0.9128344
104 244 0.7348721
104 270 0.8682439
105 295 0.17930117
105 221 0.2425371
106 15 0.41648322
106 17 0.94146067
106 294 0.13044809
106 296 0.7918093
106 175 0.3469263
106 229 0.22081077
106 140 0.7121882
106 263 0.82968247
107 5 0.52403456
107 6 0.346651
107 54 0.78708774
107 209 0.65961754
107 256 0.25530887
107 108 0.6559489
107 189 0.53068733
107 240 0.14600338
107 236 0.65621644
107 289 0.9350008
108 5 0.31797978
108 6 0.38789937
108 53 0.8976389
108 54 0.09364662
108 107 0.3145655
108 117 0.3300869
108 209 0.7972508
108 212 0.22202198
108 256 0.69486016
108 189 0.42346078
108 188 0.42519912
108 240 0.39490074
108 236 0.20326468
108 289 0.34752592
109 49 0.081131056
109 61 0.8504772
109 73 0.6590545
109 97 0.17233789
109 252 0.19274943
109 280 0.2864341
109 292 0.71757936
109 274 0.29474673
109 283 0.6189204
109 267 0.32663566
110 48 0.8548136
110 93 0.9124793
110 101 0.43964136
110 104 0.83298093
110 221 0.3391672
110 151 0.6808336
110 233 0.9052301
110 185 0.2605084
111 30 0.25300527
111 83 0.20570096
111 222 0.3455098
111 129 0.5174763
111 224 0.5343146
111 225 0.2296044
111 144 0.6661134
111 167 0.12491102
111 265 0.43094227
112 40 0.2251506
112 57 0.032956004
112 73 0.67528176
112 84 0.14901532
112 203 0.62731034
112 292 0.41648513
112 194 0.6701675
112 209 0.26383594
112 242 0.4498314
112 256 0.661715
113 23 0.9183501
113 34 0.7663219
113 90 0.35494876
113 168 0.8460951
113 219 0.09196092
113 146 0.7450959
113 232 0.17544816
114 21 0.47955534
114 28 0.7465515
114 72 0.36973926
114 102 0.48239267
114 166 0.7335143
114 179 0.5611906
114 211 0.07005372
114 264 0.82028353
115 7 0.8582875
115 63 0.6943431
115 79 0.3665103
115 116 0.35009295
115 281 0.83950895
115 204 0.42109102
115 279 0.503883
115 128 0.5557924
115 299 0.35916054
115 226 0.5835337
115 239 0.30132708
115 288 0.9359838
116 52 0.1024496
116 79 0.7415886
116 115 0.53304565
116 274 0.23240791
116 281 0.5844627
116 283 0.37650156
116 267 0.9085807
116 128 0.44480658
116 299 0.3633133
116 173 0.379551
116 226 0.099785976
117 5 0.7736444
117 53 0.5231084
117 84 0.78125924
117 108 0.39190942
117 194 0.5551579
117 209 0.6859814
117 242 0.30568352
117 212 0.9133004
117 262 0.48055005
117 189 0.3304095
117 188 0.88486266
118 14 0.07048364
118 46 0.28363287
118 67 0.37794992
118 74 0.7038206
118 76 0.23862429
118 80 0.7405727
118 210 0.32209137
118 125 0.08014654
118 157 0.8908747
118 261 0.9111707
118 139 0.8540689
118 218 0.28463376
118 257 0.4174515
118 195 0.54587996
119 3 0.4024988
119 4 0.82880104
119 16 0.06035635
119 26 0.784731
119 51 0.2082228
119 91 0.68835545
119 92 0.067028664
119 231 0.7542658
119 174 0.21448633
119 147 0.04937251
119 251 0.88551503
119 282 0.4123716
120 131 0.1514614
120 178 0.58825886
120 272 0.7624439
120 171 0.69671583
120 179 0.5359814
121 14 0.56549084
121 19 0.81718194
121 46 0.23256841
121 62 0.43771192
121 76 0.22683465
121 80 0.3980349
121 150 0.35844386
121 148 0.5237804
121 162 0.39004946
121 183 0.6863162
121 191 0.24486168
121 238 0.944635
121 277 0.15972216
121 261 0.22372323
122 78 0.3371678
122 95 0.86338043
122 234 0.20922473
122 172 0.85299844
123 9 0.4112414
123 10 0.76040184
123 24 0.56302184
123 158 0.80310255
123 180 0.7309583
123 208 0.2924614
123 214 0.12779325
123 298 0.82833934
124 14 0.07110747
124 60 0.31006253
124 74 0.7986375
124 76 0.8956407
124 100 0.11387481
124 260 0.6638144
124 190 0.3686375
124 152 0.7338785
124 200 0.5658109
124 210 0.49760118
124 261 0.7448337
125 44 0.26915324
125 46 0.7026515
125 65 0.62308973
125 67 0.13315575
125 76 0.74357957
125 80 0.38737515
125 87 0.2119597
125 118 0.8044639
125 210 0.59304285
125 157 0.31386158
125 261 0.21472275
125 137 0.24470179
125 218 0.0012712049
125 257 0.188671
125 195 0.89576685
126 9 0.19037844
126 83 0.7968824
126 143 0.038672395
126 197 0.6818199
126 222 0.09535565
126 129 0.5867628
126 243 0.8430367
127 20 0.865704
127 297 0.5768859
127 159 0.37264913
128 63 0.48873287
128 79 0.10335829
128 115 0.5137889
128 116 0.10586815
128 281 0.47552004
128 204 0.32737494
128 299 0.054904602
129 30 0.20021993
129 83 0.05757958
129 111 0.86923605
129 126 0.5172994
129 143 0.104759514
129 222 0.6362072
129 243 0.6540544
129 224 0.33476222
129 167 0.770251
130 43 0.632155
130 131 0.90058124
130 166 0.24876924
130 178 0.78845704
130 272 0.35904777
130 179 0.82452714
131 43 0.42193425
131 120 0.86019194
131 130 0.10202363
131 166 0.12934524
131 178 0.12299546
131 272 0.33690766
131 171 0.5478188
132 141 0.3152818
132 268 0.036557235
132 143 0.62396324
132 245 0.7862605
132 250 0.03775413
133 160 0.6912159
133 215 0.696178
133 135 0.4326195
133 228 0.5230476
134 8 0.6397546
134 23 0.5549946
134 25 0.11933461
134 29 0.80971885
134 34 0.5510835
134 47 0.34080917
134 70 0.013015868
134 284 0.3577486
134 170 0.48181528
134 273 0.91901016
134 291 0.8186484
134 182 0.43732172
135 13 0.21055721
135 133 0.44520298
135 160 0.65626764
135 215 0.15863876
135 278 0.14446098
135 228 0.22008578
136 37 0.7251397
136 49 0.5702029
136 50 0.9339721
136 97 0.49227002
136 225 0.27784422
136 287 0.8780707
136 290 0.55987716
136 252 0.14196657
136 280 0.38336396
137 44 0.9379311
137 59 0.34303376
137 65 0.302461
137 67 0.038337827
137 87 0.3704417
137 125 0.11806822
137 138 0.49942896
137 186 0.17866796
137 177 0.27218616
137 195 0.57265216
137 164 0.19518416
137 278 0.61592174
138 13 0.5261629
138 44 0.77805406
138 59 0.11555953
138 65 0.8947783
138 87 0.5788726
138 137 0.47060877
138 186 0.9303001
138 177 0.52228796
138 164 0.7494473
138 278 0.3935005
139 2 0.70504403
139 14 0.671465
139 74 0.83255833
139 76 0.14682347
139 118 0.82838774
139 200 0.23178522
139 210 0.5752006
139 157 0.54692405
139 253 0.360738
139 218 0.68046325
139 257 0.5349622
140 15 0.8159158
140 17 0.06164999
140 33 0.50481826
140 45 0.20367287
140 106 0.11177508
140 175 0.808942
140 229 0.92335147
140 263 0.15229598
140 207 0.775874
141 132 0.51533353
141 268 0.6572096
141 143 0.52978975
141 245 0.7413366
141 250 0.5271952
142 11 0.41202074
142 13 0.66743875
142 32 0.38910422
142 58 0.04356809
142 86 0.1602459
142 88 0.8745682
142 217 0.88521826
142 276 0.35649136
142 186 0.84787226
142 220 0.76411
143 83 0.8471058
143 126 0.3832187
143 129 0.5699265
143 132 0.40444916
143 141 0.81368124
143 245 0.44144738
143 250 0.44177353
143 222 0.65804356
143 243 0.3952825
144 111 0.33264947
144 225 0.23378189
144 167 0.27632657
144 203 0.1554758
144 265 0.2970959
144 252 0.63180315
144 292 0.013534962
145 36 0.66979045
145 41 0.3855212
145 56 0.050563347
145 85 0.67588663
145 187 0.35970682
145 207 0.5629237
145 155 0.15886304
145 184 0.59809864
145 213 0.6924474
145 156 0.29803172
146 78 0.8823633
146 90 0.058852106
146 95 0.43773803
146 113 0.030180056
146 168 0.25610164
146 219 0.39967647
146 232 0.79395866
147 16 0.8309803
147 26 0.19615602
147 51 0.37500265
147 91 0.73908085
147 119 0.047108155
147 251 0.037956383
147 282 0.35981813
148 60 0.3971009
148 62 0.55988634
148 121 0.8056152
148 199 0.4105253
148 230 0.16508183
148 285 0.46245962
148 150 0.03685585
148 190 0.8843564
148 201 0.6357057
148 162 0.8044058
148 191 0.4859109
148 277 0.05188274
149 27 0.08111817
149 237 0.7647068
149 246 0.59015954
149 228 0.796925
149 234 0.091779366
149 293 0.9326471
150 19 0.6426157
150 56 0.42674384
150 62 0.07189901
150 82 0.10096295
150 121 0.87032086
150 148 0.6581897
150 230 0.04435172
150 156 0.7309724
150 176 0.15002938
150 254 0.16576561
150 181 0.42311144
150 162 0.19330132
150 183 0.09187847
150 191 0.1310469
150 238 0.083111264
150 277 0.04443975
151 48 0.0107875215
151 93 0.68781805
151 101 0.8476122
151 102 0.62429667
151 110 0.6801721
151 221 0.9478708
151 211 0.6624041
151 259 0.362024
151 233 0.59052604
152 100 0.37814766
152 124 0.82527435
152 258 0.5896883
152 216 0.83425987
152 260 0.4702381
152 190 0.025274042
152 235 0.49076658
152 200 0.856061
152 159 0.68892956
152 253 0.07823385
153 5 0.68427277
153 31 0.4554359
153 53 0.16566868
153 212 0.75490993
153 189 0.29851198
153 188 0.19183815
153 240 0.7382569
153 236 0.69137794
153 205 0.73656255
154 11 0.048152108
154 19 0.49282753
154 58 0.1943768
154 82 0.3237879
154 86 0.64555156
154 99 0.6235791
154 181 0.71934533
154 183 0.3223268
155 36 0.3733044
155 41 0.6901722
155 56 0.19189619
155 85 0.30137512
155 145 0.6407318
155 187 0.6251668
155 207 0.25343412
155 184 0.049701758
155 230 0.31516588
155 156 0.8684572
155 176 0.7022209
155 254 0.25650162
156 36 0.22099489
156 56 0.6487835
156 85 0.51728684
156 145 0.22189873
156 150 0.7432209
156 155 0.19447982
156 184 0.4072766
156 230 0.6594524
156 176 0.45985004
156 254 0.9367522
157 14 0.28149503
157 46 0.69150376
157 67 0.8047217
157 74 0.58557194
157 76 0.7895114
157 80 0.7534142
157 118 0.9019826
157 125 0.73735267
157 139 0.49722388
157 200 0.7133294
157 210 0.11207846
157 261 0.6874366
157 218 0.026135623
157 257 0.86905617
158 9 0.4524393
158 10 0.3853629
158 123 0.94651175
158 180 0.86526936
158 208 0.20431817
158 298 0.3813106
159 20 0.2148398
159 127 0.67541605
159 152 0.68790394
159 297 0.1770597
159 235 0.40880993
159 253 0.8213045
160 27 0.78138435
160 133 0.25551522
160 135 0.6802825
160 161 0.61735237
160 215 0.3621998
160 220 0.9229594
160 206 0.61292714
160 237 0.17167728
160 228 0.39746526
161 32 0.5924469
161 88 0.85930204
161 103 0.3390373
161 160 0.45676655
161 217 0.56232727
161 220 0.29572418
161 206 0.40405148
161 237 0.6194927
162 46 0.6071232
162 62 0.8202572
162 80 0.3099031
162 121 0.41784745
162 148 0.06067579
162 150 0.92796093
162 285 0.8327255
162 176 0.6668456
162 183 0.86152935
162 191 0.37514207
162 238 0.36396864
162 277 0.61151385
163 21 0.54678077
163 28 0.15049699
163 64 0.38120028
163 72 0.4737075
163 196 0.51342094
163 193 0.24978888
164 44 0.68673307
164 59 0.17040716
164 65 0.20922892
164 137 0.69587564
164 138 0.13492385
164 177 0.6608449
164 195 0.68012553
164 278 0.7126351
165 22 0.018444877
165 37 0.5598984
165 39 0.7412608
165 42 0.6405185
165 55 0.55265075
165 98 0.3587271
165 169 0.23624362
165 247 0.3037311
165 269 0.39102837
165 224 0.23399663
165 270 0.62445825
165 290 0.8085736
166 43 0.42556015
166 114 0.7788496
166 130 0.44980058
166 131 0.7836292
166 178 0.42825976
166 272 0.4983844
166 179 0.29242992
167 30 0.22018602
167 83 0.7613463
167 111 0.12300604
167 129 0.8660219
167 144 0.3599639
167 203 0.1432083
167 265 0.26278102
168 23 0.26476312
168 34 0.28875336
168 90 0.18430658
168 113 0.7640104
168 146 0.5118716
168 170 0.41978875
168 219 0.60196257
169 42 0.5760795
169 55 0.71129704
169 98 0.58325315
169 165 0.17717879
169 245 0.43124238
169 250 0.9429932
169 247 0.40763554
169 269 0.5641956
169 224 0.6209698
170 8 0.20655926
170 23 0.7299229
170 25 0.6303572
170 34 0.51850694
170 134 0.20516339
170 168 0.43550432
170 284 0.26156935
170 273 0.1809744
170 291 0.49406058
171 120 0.8374393
171 131 0.3388495
171 178 0.17604429
171 272 0.008888187
171 259 0.9113789
172 78 0.9078307
172 122 0.41963777
173 52 0.29635486
173 54 0.1690144
173 116 0.905681
173 281 0.29307628
173 267 0.22388144
173 271 0.6576048
173 226 0.6216568
174 3 0.64826006
174 4 0.7471392
174 26 0.7949163
174 33 0.7873093
174 51 0.83637166
174 91 0.11750949
174 92 0.0131353205
174 119 0.4026978
174 286 0.5641413
174 231 0.22301331
174 282 0.81614333
175 15 0.655455
175 17 0.46573657
175 33 0.45491698
175 106 0.605998
175 140 0.7262657
175 296 0.4747165
175 286 0.7642349
175 229 0.7848676
175 263 0.046146378
176 56 0.3497395
176 82 0.20041892
176 150 0.0074098064
176 155 0.54711473
176 156 0.15662548
176 162 0.025594346
176 230 0.9151903
176 285 0.22618698
176 254 0.7466946
176 183 0.08016695
176 191 0.07865812
176 277 0.5259258
177 44 0.097231045
177 59 0.7892955
177 65 0.20848347
177 87 0.08302491
177 137 0.7430016
177 138 0.51559097
177 164 0.13524802
177 195 0.55461437
177 278 0.6621379
178 43 0.37240586
178 120 0.39514825
178 130 0.103768654
178 131 0.60129184
178 166 0.060308862
178 171 0.5085874
178 272 0.47757304
179 102 0.004632365
179 114 0.34051946
179 120 0.76528645
179 130 0.5186729
179 166 0.23319922
179 272 0.31686488
179 211 0.52800626
179 259 0.7054036
179 264 0.791234
180 9 0.5611429
180 10 0.6055372
180 123 0.042356137
180 158 0.7111587
180 208 0.56233865
180 298 0.8447145
181 19 0.3391872
181 82 0.67085886
181 99 0.06171197
181 150 0.2608404
181 154 0.7985653
181 254 0.5163497
181 183 0.12140446
181 238 0.3742473
182 31 0.43019953
182 47 0.48514643
182 134 0.6071887
182 205 0.83379185
182 249 0.1199152
182 273 0.5564239
183 19 0.8208182
183 56 0.27646253
183 62 0.82516277
183 82 0.14619046
183 99 0.5629914
183 121 0.48347825
183 150 0.8926573
183 154 0.27628067
183 162 0.57442564
183 176 0.76176226
183 181 0.28513622
183 254 0.9143206
183 191 0.14475356
183 238 0.34852353
183 277 0.7669105
184 36 0.5108118
184 41 0.3138146
184 56 0.80702645
184 85 0.358981
184 145 0.8642646
184 155 0.2555876
184 156 0.426998
184 187 0.88766134
184 213 0.80356544
184 254 0.30721563
185 42 0.6380448
185 55 0.31288475
185 93 0.24001601
185 110 0.6820222
185 221 0.16540223
185 255 0.61047786
185 247 0.8618375
185 269 0.24902226
186 11 0.45115918
186 13 0.7427254
186 32 0.92542213
186 137 0.64557403
186 138 0.5066711
186 142 0.087146
186 215 0.18453433
186 220 0.554167
186 278 0.0019468911
187 1 0.73131365
187 36 0.7968292
187 41 0.44596702
187 77 0.32484955
187 85 0.63022095
187 96 0.25985754
187 145 0.8299592
187 155 0.5346689
187 184 0.8136257
187 227 0.15185943
187 213 0.85360014
188 5 0.29561275
188 53 0.6660793
188 108 0.80911773
188 117 0.8195435
188 153 0.9104457
188 212 0.43415582
188 189 0.6870618
188 240 0.65848255
189 5 0.38037878
189 6 0.3688627
189 53 0.88797814
189 107 0.7694676
189 108 0.83408064
189 117 0.34879953
189 153 0.2587751
189 188 0.79007655
189 209 0.5805942
189 212 0.40416446
189 240 0.07028954
189 236 0.94128436
189 289 0.6410836
190 14 0.84034586
190 60 0.20006993
190 100 0.5981106
190 124 0.28185037
190 148 0.20822962
190 152 0.27140707
190 216 0.45979822
190 260 0.38042176
190 201 0.62797207
190 235 0.92850703
190 200 0.08663034
191 62 0.9294249
191 121 0.8614706
191 148 0.26016665
191 150 0.08803212
191 162 0.04148622
191 176 0.45913664
191 183 0.6336989
191 199 0.25799847
191 230 0.824408
191 285 0.32974783
191 254 0.42518526
191 277 0.9276645
192 75 0.008090196
192 248 0.4571503
192 300 0.14307903
192 262 0.07448238
193 64 0.73148173
193 68 0.66169214
193 163 0.7479081
193 196 0.5940407
193 223 0.5284777
194 57 0.1481632
194 84 0.05430675
194 112 0.84490407
194 117 0.53806114
194 209 0.65182865
194 242 0.5670506
195 44 0.83217174
195 59 0.584072
195 65 0.21219811
195 67 0.21945347
195 87 0.5085776
195 118 0.53251714
195 125 0.628534
195 137 0.25056568
195 164 0.012866247
195 177 0.012658883
195 257 0.033582095
195 278 0.6439336
196 21 0.27203912
196 28 0.20477517
196 64 0.07459696
196 68 0.78245866
196 72 0.52890635
196 163 0.6563364
196 193 0.7833466
197 9 0.45617008
197 126 0.5859749
197 243 0.1843621
198 1 0.66789436
198 63 0.8775367
198 79 0.57342374
198 89 0.47529456
198 213 0.77457374
198 279 0.83614665
199 3 0.18299757
199 45 0.15095653
199 60 0.5924814
199 148 0.780386
199 191 0.067796625
199 230 0.87967545
199 285 0.5342297
199 201 0.54757714
200 2 0.085533485
200 14 0.80976355
200 74 0.8537697
200 76 0.94609845
200 100 0.8424841
200 124 0.13946272
200 139 0.9409115
200 152 0.74173605
200 157 0.92184776
200 190 0.5299632
200 235 0.76324624
200 210 0.46716362
200 261 0.075577214
200 253 0.9148155
201 3 0.41988546
201 60 0.80793995
201 148 0.046585
201 190 0.17304707
201 199 0.3397308
201 285 0.417203
201 216 0.19397557
201 260 0.74916637
202 12 0.04875173
202 22 0.56566757
202 35 0.80625415
202 66 0.9401308
202 71 0.47526136
202 94 0.15015942
202 104 0.8824101
202 241 0.74227196
202 244 0.53968424
202 270 0.4727801
203 57 0.105616584
203 112 0.20718545
203 144 0.07791025
203 167 0.34700403
203 265 0.28960383
203 292 0.42792872
204 7 0.5451752
204 58 0.69339085
204 63 0.8497129
204 79 0.68053323
204 89 0.05236248
204 115 0.91096973
204 128 0.9431892
204 281 0.8123369
204 279 0.5537571
204 299 0.1396258
204 239 0.6697197
204 288 0.8304966
205 29 0.39870968
205 31 0.36019182
205 47 0.44638145
205 153 0.15514319
205 182 0.39922118
205 240 0.79699755
205 236 0.8965358
205 289 0.7143248
205 249 0.3621916
206 27 0.5021788
206 103 0.727417
206 160 0.7524045
206 161 0.8521401
206 220 0.6686696
206 237 0.07814389
206 246 0.73171574
206 228 0.037915885
207 15 0.045033436
207 17 0.17759295
207 36 0.45417583
207 41 0.27607238
207 45 0.3506852
207 85 0.50956297
207 140 0.8533592
207 145 0.3265701
207 155 0.36011606
207 229 0.5459853
208 9 0.78223944
208 10 0.9482603
208 123 0.58830124
208 158 0.18428658
208 180 0.9499068
208 298 0.58980393
209 5 0.24761549
209 40 0.012998437
209 57 0.15769935
209 84 0.061903987
209 107 0.4888139
209 108 0.37702882
209 112 0.66733444
209 117 0.17018388
209 189 0.7256145
209 194 0.9189988
209 242 0.86061513
209 212 0.05789357
209 256 0.46925318
210 14 0.19861506
210 46 0.3151986
210 74 0.25942618
210 76 0.17413181
210 80 0.14507914
210 118 0.22754182
210 124 0.42057386
210 125 0.8973571
210 139 0.17857705
210 157 0.2105711
210 200 0.17623481
210 261 0.55139804
210 218 0.14627694
210 257 0.43480688
211 48 0.4654522
211 101 0.14858007
211 102 0.94513506
211 114 0.8511479
211 151 0.26339903
211 179 0.4101924
211 272 0.6045523
211 259 0.86136436
211 264 0.72724974
211 233 0.83321106
212 5 0.011643081
212 53 0.23505402
212 108 0.9276042
212 117 0.72233653
212 153 0.8799714
212 188 0.31029835
212 189 0.70522773
212 209 0.63929254
212 242 0.82581234
212 262 0.6821168
213 1 0.5044203
213 36 0.10769601
213 56 0.7253277
213 63 0.81577635
213 89 0.9212635
213 145 0.6557398
213 184 0.69562995
213 187 0.4072095
213 198 0.5106127
213 279 0.08903274
214 10 0.65762544
214 18 0.13612948
214 38 0.69178426
214 123 0.040082052
214 298 0.20210838
214 266 0.85833526
215 13 0.06920527
215 32 0.1284731
215 133 0.65944356
215 135 0.46955514
215 160 0.28636223
215 186 0.5396487
215 220 0.61645406
215 228 0.9407844
216 16 0.45523387
216 60 0.46947938
216 100 0.5062128
216 152 0.84855115
216 190 0.49115545
216 201 0.5197586
216 260 0.43040392
216 235 0.76504356
217 11 0.8298772
217 13 0.5308864
217 32 0.6871743
217 58 0.37682328
217 69 0.45726207
217 86 0.9287449
217 88 0.5463847
217 142 0.35117587
217 161 0.18147308
217 276 0.3668056
217 220 0.18049407
218 14 0.33834198
218 74 0.82124805
218 76 0.7760217
218 118 0.8848363
218 125 0.20562123
218 139 0.1528591
218 157 0.5994328
218 210 0.8287757
218 261 0.46121618
218 257 0.8449905
219 34 0.72623146
219 90 0.4926634
219 113 0.2717948
219 146 0.74172986
219 168 0.009725653
220 13 0.66199267
220 32 0.57955587
220 88 0.6096886
220 142 0.38253492
220 160 0.64854723
220 161 0.90307325
220 186 0.7210149
220 206 0.43628302
220 215 0.13004418
220 217 0.45005217
220 237 0.68241227
220 228 0.26527694
221 48 0.012762702
221 93 0.14376406
221 105 0.2832781
221 110 0.100092456
221 151 0.48225728
221 185 0.19847277
221 295 0.7532647
221 255 0.250917
222 30 0.3925861
222 83 0.707723
222 111 0.7972729
222 126 0.6777529
222 129 0.53015834
222 143 0.44398627
222 245 0.65678906
222 250 0.18170175
222 243 0.25480768
223 64 0.0015330197
223 68 0.7148092
223 193 0.14576611
223 294 0.5128905
224 30 0.7203294
224 111 0.33625767
224 129 0.8512322
224 165 0.77472377
224 169 0.34680548
224 225 0.65506834
224 252 0.31731254
225 30 0.81100297
225 111 0.7484918
225 136 0.8993813
225 144 0.09726557
225 224 0.13786529
225 265 0.5588518
225 252 0.4633119
225 280 0.5100698
226 7 0.043552514
226 52 0.14136791
226 70 0.773637
226 115 0.43263978
226 116 0.33034742
226 173 0.47658235
226 284 0.7297535
227 12 0.91237444
227 35 0.6537183
227 37 0.625277
227 41 0.11602328
227 71 0.5096929
227 77 0.2774862
227 94 0.24880093
227 96 0.09990919
227 187 0.06812746
227 287 0.8286077
227 290 0.6128236
228 27 0.45007932
228 133 0.8907312
228 135 0.6813255
228 149 0.3083421
228 160 0.5670311
228 206 0.718769
228 215 0.5585201
228 220 0.39479914
228 237 0.8941964
228 246 0.06815777
229 15 0.5346154
229 17 0.670766
229 33 0.17766677
229 106 0.80106413
229 140 0.92811626
229 175 0.029576357
229 207 0.34146184
229 296 0.534413
229 286 0.15090635
229 263 0.82750314
230 45 0.016044531
230 56 0.77090365
230 85 0.29063073
230 148 0.07993823
230 150 0.9418178
230 155 0.7243057
230 156 0.26078022
230 176 0.72342783
230 191 0.6645914
230 199 0.2817529
230 285 0.7407101
230 254 0.70859575
231 4 0.5455915
231 51 0.42775336
231 91 0.5988875
231 119 0.31941968
231 174 0.44960707
231 275 0.3501979
231 251 0.65253586
231 282 0.5365435
232 78 0.07555898
232 90 0.42536944
232 95 0.94015396
232 113 0.72359186
232 146 0.7747637
233 48 0.08684416
233 66 0.015264829
233 81 0.8231612
233 93 0.8630802
233 101 0.77412003
233 102 0.19068445
233 110 0.10547266
233 151 0.5229984
233 211 0.742666
233 259 0.35600138
234 27 0.90842426
234 78 0.2115198
234 122 0.7780384
234 149 0.4548638
234 246 0.86982024
234 293 0.114789024
235 100 0.08934664
235 152 0.020165272
235 159 0.26572314
235 190 0.067772485
235 200 0.20241505
235 216 0.3410656
235 258 0.49538022
235 260 0.079154946
236 6 0.23976056
236 25 0.6931859
236 29 0.6047024
236 31 0.4225254
236 47 0.51315635
236 107 0.168826
236 108 0.05359301
236 153 0.2624277
236 189 0.7468677
236 205 0.25718385
236 240 0.36424914
236 289 0.40487877
236 249 0.21757688
237 27 0.25924817
237 149 0.91261667
237 160 0.48206174
237 161 0.5948478
237 206 0.69481486
237 220 0.6812621
237 228 0.93096805
237 246 0.54028225
238 19 0.73838204
238 46 0.5086025
238 62 0.94270253
238 80 0.004927877
238 99 0.080635965
238 121 0.7285345
238 150 0.5090003
238 162 0.6819018
238 181 0.0852059
238 183 0.8482256
238 277 0.70451266
239 7 0.45219472
239 58 0.8115525
239 69 0.03678295
239 86 0.26809123
239 115 0.26521575
239 204 0.08497603
239 288 0.27577972
239 276 0.44348437
240 5 0.31149492
240 6 0.79476494
240 31 0.34109595
240 47 0.71730894
240 53 0.8426733
240 107 0.75825495
240 108 0.7032079
240 153 0.31622
240 188 0.8642434
240 189 0.78806454
240 205 0.20200837
240 236 0.9104124
240 289 0.7016619
241 66 0.06615374
241 94 0.11959449
241 104 0.26635244
241 202 0.7655923
241 244 0.12075237
242 57 0.6964644
242 84 0.04845092
242 112 0.42705384
242 117 0.051374
242 194 0.4911891
242 209 0.769124
242 212 0.9052655
243 9 0.22002158
243 83 0.30129117
243 126 0.28381017
243 129 0.51512134
243 143 0.160829
243 197 0.03697193
243 222 0.6488799
244 66 0.48891792
244 81 0.42191133
244 104 0.16714568
244 202 0.93104726
244 241 0.09628955
244 296 0.31072325
245 132 0.2700391
245 141 0.6865943
245 143 0.42504933
245 169 0.82127744
245 222 0.078791425
245 268 0.70228213
245 250 0.07403117
246 27 0.91757655
246 149 0.10520869
246 206 0.43552107
246 228 0.6917897
246 234 0.7113465
246 237 0.7554755
247 22 0.66980326
247 39 0.43650436
247 42 0.68711925
247 55 0.66097766
247 98 0.9262571
247 104 0.46752694
247 165 0.8894474
247 169 0.5221453
247 185 0.2641282
247 269 0.6704332
247 270 0.23560409
248 24 0.4111909
248 75 0.28413326
248 192 0.3757796
248 300 0.9456976
249 29 0.52276355
249 31 0.88766503
249 47 0.09776954
249 182 0.9266599
249 205 0.0030755782
249 236 0.6301434
250 132 0.38823372
250 141 0.88415563
250 143 0.33789715
250 169 0.14887005
250 222 0.5860938
250 245 0.60319704
250 268 0.89901835
251 16 0.46722633
251 26 0.6394091
251 51 0.34266812
251 91 0.9132745
251 119 0.38674662
251 147 0.046165165
251 231 0.49397406
251 282 0.63173753
252 97 0.19897158
252 109 0.18509685
252 136 0.47682196
252 144 0.47737014
252 224 0.93096924
252 225 0.5567045
252 265 0.029993804
252 280 0.18627028
253 2 0.9388646
253 100 0.75848335
253 139 0.19178493
253 152 0.16540502
253 159 0.84040505
253 200 0.6551881
254 56 0.7109898
254 82 0.077764325
254 150 0.69588625
254 155 0.9381041
254 156 0.11822726
254 176 0.5423256
254 181 0.79043204
254 183 0.7838633
254 184 0.84794104
254 191 0.8204503
254 230 0.47907233
255 185 0.022642916
255 221 0.5275433
255 268 0.73482394
256 40 0.25254405
256 52 0.35164943
256 54 0.76680833
256 57 0.31647718
256 73 0.2994557
256 84 0.2032163
256 107 0.70992035
256 108 0.7786946
256 112 0.7119543
256 209 0.072386034
256 267 0.54792684
256 271 0.6441083
257 67 0.08222865
257 118 0.40663534
257 125 0.51894313
257 139 0.69882023
257 157 0.28579864
257 195 0.7187844
257 210 0.22063264
257 218 0.37701437
258 16 0.92628443
258 152 0.2959354
258 235 0.19461305
258 297 0.5810712
259 48 0.28775087
259 93 0.9050495
259 101 0.50585
259 102 0.69620615
259 151 0.8609023
259 171 0.7426519
259 179 0.4432564
259 211 0.66502535
259 233 0.02526205
259 272 0.315624
259 264 0.63970894
260 60 0.8172361
260 100 0.8082552
260 124 0.5549714
260 152 0.873525
260 190 0.18353218
260 201 0.3154454
260 216 0.37443358
260 235 0.3785821
261 14 0.38087302
261 46 0.74956936
261 62 0.045226738
261 74 0.73354924
261 76 0.9270247
261 80 0.2567301
261 118 0.63086885
261 121 0.4606891
261 124 0.28787518
261 125 0.6799482
261 157 0.47032458
261 200 0.6209189
261 210 0.27477098
261 218 0.0058822744
262 75 0.62824285
262 117 0.9219938
262 192 0.8204515
262 212 0.45820573
263 15 0.591006
263 17 0.7515975
263 106 0.55086684
263 140 0.9436054
263 175 0.30078474
263 229 0.2900086
263 296 0.36632732
264 21 0.21684664
264 28 0.41572583
264 72 0.23045705
264 102 0.13384067
264 114 0.1662178
264 179 0.74337393
264 211 0.8322605
264 259 0.73333544
265 30 0.9137754
265 111 0.5551988
265 144 0.5674119
265 167 0.8714416
265 203 0.78811944
265 225 0.18831071
265 252 0.6848649
265 292 0.016037589
266 18 0.36281392
266 38 0.6133442
266 214 0.051819656
267 40 0.26003695
267 52 0.74198145
267 54 0.8552731
267 61 0.4922806
267 73 0.806873
267 109 0.50533223
267 116 0.7137676
267 173 0.29559445
267 256 0.78606945
267 274 0.54641753
267 283 0.7548928
267 271 0.20511301
268 132 0.61665523
268 141 0.19439428
268 245 0.77746576
268 250 0.3467276
268 255 0.45928326
269 22 0.5065282
269 39 0.8458532
269 42 0.9256961
269 55 0.2721017
269 98 0.05028388
269 165 0.67465925
269 169 0.42482874
269 185 0.13385282
269 247 0.9388474
269 270 0.13733308
270 12 0.11915782
270 22 0.5043798
270 35 0.5311534
270 39 0.3112414
270 71 0.66606134
270 94 0.9396341
270 104 0.16357173
270 165 0.43617633
270 202 0.42050087
270 247 0.205324
270 269 0.083447136
270 290 0.6922911
271 40 0.69742304
271 52 0.93211
271 54 0.06384807
271 57 0.55802107
271 61 0.57186717
271 73 0.74722356
271 173 0.19422483
271 256 0.35628152
271 267 0.0020868238
271 274 0.026868895
271 283 0.5694261
272 43 0.533628
272 120 0.6555356
272 130 0.884898
272 131 0.68369544
272 166 0.46743685
272 171 0.23673527
272 178 0.18812992
272 179 0.8730332
272 211 0.79010886
272 259 0.07014585
273 8 0.872129
273 23 0.27826798
273 25 0.33964685
273 29 0.743305
273 47 0.89967483
273 70 0.9087654
273 134 0.87950784
273 170 0.020872353
273 182 0.6326504
273 284 0.07339337
273 291 0.5683229
274 49 0.49842095
274 61 0.6103955
274 73 0.53019893
274 97 0.40293604
274 109 0.313443
274 116 0.10620384
274 267 0.14862859
274 271 0.2588607
274 280 0.29369783
274 292 0.23898676
274 281 0.42156765
274 283 0.28359982
275 4 0.859234
275 231 0.29615906
275 282 0.48484474
276 7 0.3673488
276 11 0.4941699
276 32 0.5027862
276 58 0.45619765
276 69 0.5992587
276 86 0.08572871
276 88 0.72183853
276 142 0.18278375
276 217 0.4707363
276 239 0.7858179
277 19 0.2788988
277 46 0.8408902
277 62 0.6231016
277 80 0.502973
277 121 0.88965935
277 148 0.9285825
277 150 0.614414
277 162 0.9221056
277 176 0.841079
277 183 0.5788299
277 191 0.28360948
277 238 0.5401772
278 44 0.48979
278 59 0.68056345
278 65 0.74513054
278 135 0.42377967
278 137 0.36820346
278 138 0.1227692
278 164 0.57960594
278 177 0.50396407
278 186 0.93651575
278 195 0.8073166
279 1 0.600051
279 63 0.55806637
279 79 0.1294324
279 89 0.43620005
279 115 0.1596098
279 198 0.1742791
279 204 0.8373862
279 213 0.60089356
279 299 0.31197733
279 288 0.5545162
280 49 0.8260864
280 50 0.54631996
280 61 0.10901184
280 97 0.16652305
280 109 0.7570342
280 136 0.4423355
280 225 0.03529471
280 252 0.36965045
280 274 0.39492494
280 287 0.82006866
280 283 0.73684245
281 52 0.8506521
281 61 0.6953256
281 63 0.91084564
281 79 0.7353178
281 115 0.2996192
281 116 0.6616293
281 128 0.03808303
281 173 0.7663952
281 204 0.5693385
281 274 0.37559083
281 283 0.87103605
281 299 0.059773743
282 4 0.89674747
282 26 0.26664233
282 51 0.21740974
282 91 0.71760124
282 92 0.24444701
282 119 0.8731504
282 147 0.23659624
282 174 0.8658038
282 231 0.7682932
282 251 0.30845177
282 275 0.047487617
283 49 0.09023516
283 61 0.006741286
283 73 0.7736186
283 97 0.41188946
283 109 0.62306947
283 116 0.840565
283 267 0.81517303
283 271 0.4206135
283 274 0.90872806
283 280 0.79394674
283 281 0.09490361
284 8 0.5798691
284 23 0.45658958
284 25 0.82804674
284 70 0.28676108
284 134 0.027890692
284 170 0.38422778
284 226 0.2628896
284 273 0.11912127
284 291 0.42319578
285 3 0.39713386
285 45 0.40698153
285 148 0.25383124
285 162 0.64140147
285 176 0.02927617
285 191 0.10690046
285 199 0.72894394
285 201 0.8544392
285 230 0.11692583
286 4 0.8853996
286 33 0.49751225
286 92 0.5346108
286 174 0.800726
286 175 0.822352
286 229 0.37053785
287 1 0.8711973
287 37 0.89076966
287 49 0.026054423
287 50 0.038032234
287 77 0.15679784
287 96 0.6866281
287 136 0.57386345
287 227 0.53151923
287 280 0.8589553
287 290 0.12342024
288 7 0.6899963
288 58 0.13696833
288 79 0.347683
288 86 0.22130968
288 115 0.2823049
288 204 0.42700553
288 239 0.51099575
288 279 0.82235926
288 299 0.17263806
289 6 0.69116825
289 29 0.4923374
289 31 0.89018273
289 47 0.42202124
289 54 0.75484294
289 107 0.34878457
289 108 0.34485787
289 189 0.6335127
289 205 0.09724961
289 236 0.05834819
289 240 0.91551983
290 12 0.42842335
290 22 0.041708723
290 37 0.22562191
290 39 0.6468858
290 71 0.2034595
290 77 0.91761315
290 96 0.55353236
290 136 0.82708585
290 165 0.7110784
290 227 0.0777828
290 270 0.4858259
290 287 0.49312004
291 8 0.61070687
291 23 0.15912786
291 25 0.39258838
291 29 0.5739852
291 47 0.77547795
291 70 0.6650546
291 134 0.86133343
291 170 0.23100144
291 273 0.7655081
291 284 0.21180464
292 40 0.14089113
292 57 0.017381433
292 61 0.12159853
292 73 0.7049409
292 109 0.323547
292 112 0.34915963
292 144 0.7955277
292 203 0.84634423
292 265 0.7446288
292 274 0.43372324
293 149 0.5067502
293 234 0.23503833
294 64 0.8830771
294 68 0.25977436
294 106 0.64028335
294 223 0.22293794
294 296 0.1791393
295 48 0.42534038
295 93 0.9117325
295 105 0.28066868
295 221 0.7324554
296 106 0.67715
296 175 0.854532
296 229 0.7819301
296 244 0.063297816
296 263 0.36692777
296 294 0.118778475
297 20 0.6102058
297 127 0.45384797
297 159 0.29678035
297 258 0.1622766
298 9 0.42306772
298 10 0.33939362
298 123 0.67282313
298 158 0.43493235
298 180 0.8414762
298 208 0.55749637
298 214 0.103153504
299 7 0.047698155
299 63 0.24876644
299 79 0.33921134
299 115 0.5853858
299 116 0.16589034
299 128 0.015160193
299 204 0.8270079
299 279 0.033620004
299 281 0.33562416
299 288 0.19494857
300 24 0.2073934
300 75 0.8530108
300 192 0.17304118
300 248 0.8441175
