1 62 0.7879718
1 7 0.24734473
1 31 0.5906376
1 9 0.511392
1 25 0.7887145
1 33 0.47141942
1 41 0.19400427
1 69 0.34275064
1 13 0.86573136
1 63 0.7854403
1 72 0.42457578
1 90 0.5853428
1 39 0.56958264
1 52 0.7293834
1 77 0.76132244
2 20 0.77258784
2 8 0.19532716
2 30 0.879281
2 16 0.91914046
2 19 0.6128805
2 67 0.32828128
2 78 0.7558776
3 38 0.342047
3 19 0.73392385
3 47 0.010357289
3 67 0.43342492
3 24 0.20377578
3 87 0.60467774
3 7 0.8854375
3 31 0.9293839
3 9 0.20885631
4 82 0.22232006
4 29 0.2454912
4 73 0.5910551
4 18 0.7555082
4 45 0.05186344
4 94 0.739392
4 10 0.11640597
5 60 0.38093278
5 74 0.5863227
5 57 0.21164174
5 92 0.61361456
6 30 0.47383413
6 15 0.28557757
6 54 0.34645888
6 56 0.21909936
6 88 0.057251245
6 21 0.37932453
6 66 0.90593785
7 1 0.86236274
7 3 0.0315682
7 62 0.72505516
7 31 0.69303375
7 9 0.5827636
7 25 0.6812363
7 33 0.7917638
7 41 0.04054296
7 86 0.37891337
7 100 0.8899982
7 13 0.0071996055
7 72 0.28941035
7 39 0.82969946
8 2 0.44123095
8 28 0.3474681
8 70 0.3336995
8 99 0.034435466
8 19 0.21721038
8 67 0.44600567
9 1 0.37809172
9 3 0.76755464
9 7 0.007034157
9 24 0.2597165
9 59 0.08295547
9 25 0.7787666
9 33 0.2549558
9 41 0.9369267
9 86 0.77826804
9 100 0.38269535
9 72 0.25008234
9 39 0.16620915
10 4 0.28301287
10 82 0.9259399
10 73 0.16895771
10 91 0.20402192
10 93 0.6302681
10 71 0.10608319
10 14 0.57802105
11 32 0.73146546
11 36 0.1699171
11 53 0.6979307
11 12 0.18462232
11 22 0.18902369
11 68 0.46629483
11 83 0.48629376
11 85 0.6023157
11 87 0.69398427
11 98 0.50253147
12 11 0.8698132
12 36 0.1717331
12 53 0.0839508
12 22 0.2524176
12 68 0.25363588
12 83 0.04652575
12 85 0.43647355
12 43 0.41933742
12 65 0.43262303
12 98 0.19375949
13 1 0.20710447
13 7 0.93860006
13 62 0.8596968
13 31 0.31287488
13 25 0.4911505
13 33 0.7731373
13 17 0.00593365
13 69 0.23667122
13 23 0.15718436
13 63 0.14332318
13 72 0.2736379
13 90 0.4419477
13 97 0.53946394
13 39 0.19591269
13 77 0.04444748
13 44 0.72695875
14 10 0.535394
14 48 0.11678423
14 75 0.043358274
15 6 0.3086819
15 54 0.6172741
15 56 0.16578592
15 88 0.14736655
15 55 0.24743326
15 21 0.73733425
15 60 0.29167962
15 66 0.10683609
15 64 0.15406546
16 2 0.15013647
16 20 0.25426564
16 35 0.11340509
16 30 0.06257628
16 49 0.5566229
16 50 0.51672465
17 13 0.91828406
17 55 0.050300747
17 62 0.5574796
17 64 0.42198336
17 69 0.73610777
17 23 0.79200476
17 63 0.30336416
17 72 0.37597018
17 90 0.2282931
17 97 0.40805763
17 57 0.7625754
17 40 0.2589858
17 44 0.546545
18 4 0.39635423
18 29 0.86183774
18 81 0.36154324
18 45 0.1269258
18 94 0.80697805
19 2 0.088898934
19 3 0.54324996
19 8 0.059626177
19 47 0.20753652
19 67 0.22631304
19 78 0.074704714
19 31 0.6232229
20 2 0.85509646
20 16 0.19935879
20 35 0.1301305
21 6 0.4533442
21 15 0.46453536
21 54 0.8623209
21 60 0.19097614
21 66 0.63019055
22 11 0.29546756
22 12 0.35772833
22 36 0.8365575
22 53 0.7549324
22 68 0.29187912
22 83 0.3040781
22 85 0.1465536
22 65 0.51251423
22 98 0.2678924
23 13 0.4816721
23 17 0.38932955
23 69 0.6150112
23 63 0.58285815
23 90 0.27805838
23 97 0.21712945
23 57 0.30596754
23 37 0.027743615
23 40 0.19962876
23 44 0.7246554
23 76 0.45187566
23 95 0.588078
24 3 0.29003364
24 9 0.8943031
24 59 0.7011488
24 87 0.08865814
24 27 0.87303466
24 58 0.32237548
24 98 0.4813007
24 86 0.71555644
24 100 0.6842476
25 1 0.24878818
25 7 0.30735517
25 9 0.61200124
25 13 0.808119
25 33 0.09954405
25 41 0.8445554
25 86 0.13237557
25 100 0.3143149
25 72 0.20728561
25 39 0.53160214
25 52 0.19097397
25 77 0.6697809
26 43 0.47435668
26 51 0.56669855
26 27 0.8969521
26 46 0.099079035
26 58 0.826146
26 96 0.91670954
26 98 0.5753256
26 89 0.48946956
27 24 0.7814792
27 26 0.4648864
27 59 0.37927657
27 46 0.41285494
27 58 0.5972956
27 96 0.8514148
27 98 0.06118888
27 89 0.23543586
27 86 0.7926964
27 100 0.636286
28 8 0.883023
28 70 0.69191235
28 99 0.11105847
28 67 0.37995514
29 4 0.42465857
29 18 0.23835933
29 52 0.15754692
29 82 0.09048237
29 73 0.33412558
29 81 0.50264263
29 45 0.90680784
29 94 0.5977091
30 2 0.2717844
30 6 0.74854356
30 16 0.25337228
30 49 0.18561472
30 50 0.9029501
30 54 0.25239545
30 56 0.6842567
30 88 0.64141315
30 78 0.5816715
31 1 0.054067563
31 3 0.91094446
31 7 0.14151865
31 13 0.7281586
31 19 0.8885123
31 61 0.8683325
31 62 0.54123753
31 78 0.5197285
32 11 0.7280356
32 38 0.19452521
32 70 0.43687212
32 99 0.54178137
32 36 0.12834488
32 53 0.37589633
32 83 0.47798076
32 47 0.16928385
33 1 0.56083196
33 7 0.29518387
33 9 0.39087418
33 13 0.8833982
33 25 0.36578748
33 41 0.13774459
33 86 0.85733145
33 100 0.32341534
33 72 0.5002931
33 90 0.72536373
33 39 0.7403683
33 52 0.37928787
33 77 0.28124064
34 97 0.5795022
34 37 0.5205325
34 40 0.14926317
34 44 0.54947424
34 76 0.33365777
34 95 0.05358283
34 84 0.4527835
34 91 0.7202986
34 42 0.05530226
34 80 0.17833738
34 71 0.52996486
35 16 0.7264246
35 20 0.5708122
35 49 0.6159826
35 50 0.5793717
36 11 0.030332126
36 12 0.025012232
36 22 0.77178806
36 32 0.49695534
36 38 0.76366276
36 53 0.8910597
36 68 0.37393853
36 83 0.6829878
36 85 0.52145827
36 87 0.22963028
37 23 0.5340173
37 34 0.562477
37 63 0.8475314
37 72 0.3661817
37 90 0.3687167
37 97 0.57882726
37 39 0.7072247
37 77 0.8116386
37 40 0.02199465
37 44 0.014418133
37 76 0.9220204
37 95 0.37473363
37 84 0.5208734
38 3 0.52818614
38 32 0.2719673
38 36 0.032131966
38 70 0.8444601
38 99 0.017398782
38 53 0.42737788
38 47 0.9402431
38 87 0.72676194
39 1 0.6078949
39 7 0.8269225
39 9 0.5823347
39 13 0.12364696
39 25 0.56294596
39 33 0.74813735
39 37 0.43216458
39 41 0.7542175
39 72 0.0034443603
39 90 0.56449205
39 97 0.8225286
39 52 0.71127427
39 77 0.1867933
40 17 0.08881775
40 23 0.2669727
40 34 0.7540029
40 37 0.00999292
40 63 0.0029326982
40 90 0.7998348
40 97 0.2274918
40 44 0.5111666
40 76 0.6570477
40 95 0.085820064
40 84 0.6609322
41 1 0.5449078
41 7 0.44614527
41 9 0.7776038
41 25 0.103227325
41 33 0.6913654
41 39 0.81984645
41 86 0.24647048
41 100 0.28938615
41 72 0.3297518
41 52 0.32309633
41 77 0.6012167
42 34 0.116538785
42 76 0.7121936
42 95 0.48034877
42 80 0.42921725
43 12 0.58550465
43 26 0.5027962
43 68 0.31214035
43 51 0.19710718
43 65 0.79201156
43 46 0.42750263
43 96 0.105266035
43 98 0.38449806
43 89 0.04585328
44 13 0.7832995
44 17 0.07399976
44 23 0.4771358
44 34 0.2606769
44 37 0.11406004
44 40 0.72891617
44 69 0.26753497
44 63 0.4329394
44 72 0.76829314
44 90 0.8766753
44 97 0.8332855
44 77 0.8535957
44 76 0.57035804
44 95 0.37428275
44 84 0.6464493
45 4 0.854032
45 18 0.40740204
45 29 0.89332557
45 81 0.1682835
45 94 0.5347737
46 26 0.6754525
46 27 0.59623027
46 43 0.50204533
46 51 0.3047844
46 58 0.46905872
46 96 0.461214
46 98 0.25658807
46 89 0.3597709
47 3 0.8350958
47 19 0.030331403
47 32 0.07893935
47 38 0.43343726
47 70 0.15058143
47 99 0.39785475
47 53 0.18287538
47 67 0.71251655
47 87 0.7719615
48 14 0.17705582
48 75 0.3823378
49 16 0.40658072
49 30 0.56495196
49 35 0.094619
49 50 0.57918495
49 56 0.53959876
49 88 0.70230895
50 16 0.44048473
50 30 0.47102726
50 35 0.87757677
50 49 0.011088598
50 56 0.6572018
50 88 0.43071148
51 26 0.07722812
51 43 0.059010647
51 46 0.81978387
51 65 0.28157982
51 96 0.04419587
51 89 0.23773694
52 1 0.948276
52 25 0.35399407
52 29 0.010706582
52 33 0.8245766
52 39 0.14614269
52 41 0.055585053
52 72 0.43376857
52 77 0.46964547
52 82 0.6597661
52 73 0.06545339
52 81 0.23539828
53 11 0.70343024
53 12 0.47847766
53 22 0.47792417
53 32 0.48752955
53 36 0.45976886
53 38 0.049594637
53 47 0.4410692
53 70 0.62134504
53 68 0.5951146
53 83 0.71644163
53 85 0.24519797
53 87 0.047827348
53 98 0.9376447
54 6 0.7210317
54 15 0.8805506
54 21 0.58322465
54 30 0.14436717
54 56 0.4216451
54 88 0.54969674
55 15 0.018500384
55 17 0.5102177
55 61 0.75421685
55 62 0.6733599
55 78 0.3423138
55 66 0.13586377
55 64 0.5150253
55 69 0.9002961
55 63 0.5561595
56 6 0.9407113
56 15 0.56516427
56 30 0.7883521
56 49 0.38516325
56 50 0.6508089
56 54 0.21376435
56 88 0.81658
57 5 0.12388134
57 17 0.6221451
57 23 0.6318916
57 60 0.50574243
57 66 0.13355345
57 74 0.814981
58 24 0.73214376
58 26 0.46202582
58 27 0.8174726
58 46 0.06913984
58 59 0.55915594
58 96 0.8630007
58 98 0.63463306
58 89 0.44277954
58 86 0.06422673
58 100 0.48795894
59 9 0.16013218
59 24 0.09673759
59 27 0.19149444
59 58 0.48305482
59 87 0.38303632
59 96 0.52163404
59 98 0.1786075
59 86 0.56279886
59 100 0.58733374
60 5 0.014252078
60 15 0.47403535
60 21 0.27395514
60 57 0.20374022
60 66 0.3618551
60 74 0.22894013
61 31 0.60746795
61 55 0.21014632
61 62 0.09947916
61 78 0.03216042
61 69 0.41918787
62 1 0.79198396
62 7 0.8711046
62 13 0.84361553
62 17 0.49789628
62 31 0.6981963
62 55 0.20281947
62 61 0.45070103
62 78 0.008214082
62 64 0.54714185
62 69 0.9388452
62 63 0.3340831
62 72 0.792493
63 1 0.2727225
63 13 0.48681203
63 17 0.8961901
63 23 0.83960897
63 37 0.344534
63 40 0.80333525
63 44 0.10271291
63 55 0.4334527
63 62 0.30834717
63 64 0.6598154
63 69 0.00863034
63 72 0.9343056
63 90 0.053429175
63 97 0.07430868
63 77 0.23968872
64 15 0.81768197
64 17 0.02337569
64 55 0.08375976
64 62 0.7177134
64 63 0.50636107
64 66 0.29940054
64 69 0.39239818
65 12 0.85311186
65 22 0.3273814
65 43 0.6418274
65 51 0.38125628
65 68 0.8664414
65 85 0.5793961
66 6 0.9372736
66 15 0.07330836
66 21 0.54791874
66 55 0.52369
66 57 0.85306484
66 60 0.538413
66 64 0.33882707
67 2 0.32355717
67 3 0.24333724
67 8 0.33099696
67 19 0.7927593
67 28 0.7596773
67 47 0.7059102
67 70 0.79478574
68 11 0.5975498
68 12 0.40405035
68 22 0.029244483
68 36 0.027804261
68 43 0.3648024
68 53 0.904072
68 65 0.12579471
68 83 0.31533515
68 85 0.38700414
69 1 0.82938135
69 13 0.9362645
69 17 0.27073932
69 23 0.34603813
69 44 0.40671387
69 55 0.00224923
69 61 0.1205398
69 62 0.6046843
69 63 0.3768594
69 64 0.83085334
69 72 0.42656493
69 90 0.56649107
69 97 0.18560521
70 8 0.14305414
70 28 0.68828607
70 32 0.6035213
70 38 0.5679884
70 47 0.4927393
70 53 0.66732687
70 67 0.3583928
70 99 0.23309329
70 87 0.24459673
71 10 0.51811695
71 34 0.11520588
71 91 0.164813
71 93 0.9384901
71 79 0.4567159
72 1 0.79993635
72 7 0.36031577
72 9 0.8777607
72 13 0.52976596
72 17 0.22811294
72 25 0.15978162
72 33 0.7961523
72 37 0.89151025
72 39 0.15395147
72 41 0.41214728
72 44 0.61731553
72 52 0.40905085
72 62 0.625734
72 63 0.5599992
72 69 0.71648115
72 90 0.6617606
72 97 0.16040489
72 77 0.89912236
73 4 0.35273466
73 10 0.19268794
73 29 0.4322574
73 52 0.9490816
73 82 0.54480773
73 81 0.7740544
73 93 0.017572133
74 5 0.13469137
74 57 0.9176774
74 60 0.6844869
74 92 0.07895041
75 14 0.26060665
75 48 0.3711253
76 23 0.25712684
76 34 0.57293963
76 37 0.76426685
76 40 0.6617687
76 42 0.3442647
76 44 0.49407345
76 97 0.47206008
76 95 0.39935568
76 80 0.18579163
77 1 0.74947786
77 13 0.68669665
77 25 0.79091054
77 33 0.4502431
77 37 0.28946024
77 39 0.5121134
77 41 0.7445448
77 44 0.89483154
77 52 0.7058235
77 63 0.6731452
77 72 0.58864504
77 90 0.6850648
77 97 0.1101994
77 82 0.8298197
77 84 0.11772521
78 2 0.62599576
78 19 0.52041733
78 30 0.5750463
78 31 0.75151515
78 55 0.22324744
78 61 0.20417763
78 62 0.8321993
79 71 0.84334713
79 91 0.40596935
80 34 0.56489223
80 42 0.8144528
80 76 0.5107431
80 95 0.25961456
81 18 0.3620728
81 29 0.36415398
81 45 0.47072726
81 52 0.48221418
81 73 0.36232486
81 82 0.76473117
82 4 0.10376672
82 10 0.10426261
82 29 0.47563705
82 52 0.8399892
82 73 0.9492478
82 77 0.22402747
82 81 0.0152317025
82 84 0.34324673
82 93 0.8976282
83 11 0.6298856
83 12 0.28340146
83 22 0.48922697
83 32 0.28962
83 36 0.7602952
83 53 0.705275
83 68 0.30261865
83 85 0.2654759
83 87 0.47626725
83 98 0.833252
84 34 0.050253466
84 37 0.924883
84 40 0.7610211
84 44 0.4783746
84 77 0.29832858
84 82 0.4736906
84 90 0.037870962
84 97 0.7037411
84 95 0.9258781
84 91 0.4612712
84 93 0.33748844
85 11 0.48461828
85 12 0.33058208
85 22 0.89392585
85 36 0.79892623
85 53 0.18300739
85 65 0.38748398
85 68 0.5012633
85 83 0.015784046
86 7 0.11743364
86 9 0.26849994
86 24 0.7409092
86 25 0.09677205
86 27 0.28519017
86 33 0.1347928
86 41 0.22869983
86 58 0.3862485
86 59 0.31415543
86 98 0.87969166
86 100 0.9192427
87 3 0.72933537
87 11 0.695174
87 24 0.5857196
87 36 0.42944098
87 38 0.041914184
87 47 0.39233315
87 53 0.7757689
87 59 0.89398
87 70 0.8654544
87 83 0.51061803
87 98 0.71015376
87 100 0.6526002
88 6 0.871837
88 15 0.7271158
88 30 0.4044826
88 49 0.68905485
88 50 0.8524022
88 54 0.19456191
88 56 0.73168457
89 26 0.22920641
89 27 0.43755215
89 43 0.0012764132
89 46 0.4218561
89 51 0.8148477
89 58 0.38143215
89 96 0.09889553
89 98 0.37000677
90 1 0.78826404
90 13 0.72328514
90 17 0.22138125
90 23 0.8434899
90 33 0.2643502
90 37 0.4805704
90 39 0.12852679
90 40 0.16497241
90 44 0.12361733
90 63 0.3096529
90 69 0.93056625
90 72 0.41329616
90 77 0.49607345
90 84 0.5645844
90 97 0.87534434
90 95 0.26512697
91 10 0.4758556
91 34 0.815984
91 71 0.89010316
91 79 0.062335897
91 84 0.8594534
91 93 0.5197395
92 5 0.62734854
92 74 0.8034157
93 10 0.4417824
93 71 0.4702611
93 73 0.19585294
93 82 0.2690054
93 84 0.11369019
93 91 0.43473136
94 4 0.84989613
94 18 0.5548533
94 29 0.27962008
94 45 0.53449005
95 23 0.8261749
95 34 0.55048627
95 37 0.480531
95 40 0.7016187
95 42 0.58347404
95 44 0.41723245
95 76 0.8305499
95 80 0.06931629
95 84 0.7488037
95 90 0.43226352
95 97 0.8977597
96 26 0.28476757
96 27 0.7806522
96 43 0.64140755
96 46 0.27054045
96 51 0.30196232
96 58 0.034407746
96 59 0.42468068
96 89 0.89542896
96 98 0.7235204
97 13 0.6906197
97 17 0.6909218
97 23 0.28280672
97 34 0.39065155
97 37 0.53698194
97 39 0.6270729
97 40 0.70639974
97 44 0.24638055
97 63 0.36845422
97 69 0.04306146
97 72 0.8064626
97 76 0.506498
97 77 0.118930824
97 84 0.57888967
97 90 0.82443553
97 95 0.124417685
98 11 0.21289477
98 12 0.73665965
98 22 0.33374795
98 24 0.10411655
98 26 0.28629607
98 27 0.47580847
98 43 0.0022832288
98 46 0.8658777
98 53 0.73287946
98 58 0.6350957
98 59 0.4906618
98 83 0.87963545
98 86 0.68418837
98 87 0.67308545
98 89 0.57091355
98 96 0.40081677
99 8 0.4268224
99 28 0.3830392
99 32 0.94540447
99 38 0.4296662
99 47 0.939888
99 70 0.2385082
100 7 0.57470655
100 9 0.26907304
100 24 0.5910225
100 25 0.38532194
100 27 0.19339469
100 33 0.2740683
100 41 0.219188
100 58 0.57632446
100 59 0.28644624
100 86 0.7240416
100 87 0.81756943
