1 65 0.26193294
1 158 0.021004055
1 187 0.73504347
1 168 0.50818837
1 202 0.4800118
1 186 0.48889315
1 407 0.90212953
1 437 0.8530169
2 122 0.41099057
2 440 0.9272648
2 64 0.8846053
2 114 0.8117156
2 117 0.40673432
2 305 0.8399875
3 460 0.94208896
3 259 0.7528551
3 274 0.117121965
3 475 0.17520031
3 119 0.6513638
3 391 0.06686342
3 154 0.15864573
3 166 0.08130198
3 170 0.8110978
3 288 0.08996169
3 315 0.9495064
3 397 0.91191727
3 22 0.9134758
3 214 0.33465037
4 10 0.79084903
4 69 0.567798
4 297 0.07501238
4 384 0.7233266
4 485 0.25603378
4 492 0.2968652
4 106 0.06606636
4 232 0.9318657
4 309 0.25808597
4 180 0.6368498
5 58 0.77482563
5 72 0.52424777
5 248 0.38272044
5 311 0.790239
5 416 0.5057819
5 436 0.9495627
5 488 0.5155844
5 254 0.7234847
5 31 0.46396506
5 260 0.2709747
5 268 0.4886131
5 282 0.77468216
6 304 0.67645687
6 357 0.20347813
6 367 0.29964378
6 406 0.43417448
6 60 0.46295312
6 56 0.67152816
6 94 0.84968096
6 163 0.09779111
6 172 0.6713939
6 448 0.039876476
6 480 0.63445926
6 11 0.33967713
6 191 0.38693163
6 447 0.4281953
7 205 0.1971965
7 122 0.1319197
7 440 0.039756667
7 64 0.6753212
7 114 0.76368356
7 394 0.42042974
7 51 0.29854903
7 210 0.56320083
7 425 0.8001039
7 500 0.723785
8 441 0.60857683
8 66 0.28987092
8 197 0.1652278
8 358 0.3839919
8 135 0.5217109
8 498 0.2960538
8 182 0.8878765
8 357 0.2023736
8 367 0.5598735
8 163 0.14420159
9 199 0.48079973
9 230 0.4310401
9 261 0.5396939
9 346 0.13107003
9 258 0.51136196
9 275 0.817649
9 289 0.16638637
9 337 0.062154625
9 373 0.24268122
10 4 0.39167663
10 69 0.09741261
10 297 0.29912338
10 384 0.29257086
10 485 0.43811595
10 492 0.15555933
10 106 0.680422
10 232 0.8862106
10 309 0.90324324
10 125 0.39170563
10 281 0.59831315
10 457 0.676257
10 470 0.2507241
10 180 0.3208463
10 219 0.64631367
11 6 0.018007886
11 304 0.145389
11 406 0.9166995
11 60 0.21291962
11 56 0.18746994
11 94 0.8932588
11 163 0.86761224
11 172 0.24915454
11 448 0.549994
11 480 0.3900732
11 191 0.17459849
11 447 0.80865693
11 184 0.49425992
12 439 0.8813616
12 55 0.57284474
12 79 0.092942074
12 141 0.14718139
12 243 0.30026197
12 250 0.085553244
12 342 0.71737
12 27 0.41823936
13 59 0.65990764
13 227 0.21341154
13 467 0.12469129
13 491 0.3326793
13 77 0.35874614
13 286 0.72271013
14 133 0.6491601
14 378 0.648648
14 313 0.651873
14 101 0.0075029354
14 388 0.32592088
15 175 0.5352891
15 280 0.7877115
15 34 0.25845525
15 326 0.74862736
15 339 0.8980664
15 368 0.20062114
15 483 0.77527314
15 86 0.18749852
15 116 0.653836
15 189 0.764267
15 362 0.007859644
15 410 0.20427123
15 415 0.01643531
15 423 0.44983122
15 431 0.5765917
15 438 0.14475419
16 325 0.41680863
16 175 0.33839932
16 354 0.37136242
16 377 0.6279418
16 162 0.40893996
16 244 0.67310315
16 30 0.5162836
16 34 0.37689444
16 326 0.43611118
16 339 0.78285265
16 368 0.48819235
16 483 0.39284188
17 111 0.15025623
17 229 0.86473787
17 157 0.26235723
17 159 0.2922175
17 347 0.68442976
18 111 0.053434573
18 159 0.17702757
18 442 0.33357987
18 446 0.790661
18 213 0.62719357
18 429 0.83372104
19 263 0.12262887
19 341 0.66671115
19 40 0.9162478
19 165 0.8423939
20 453 0.40477347
20 478 0.011505159
20 333 0.52371764
20 381 0.8968882
20 471 0.356958
20 474 0.81125563
20 183 0.89934736
20 450 0.127301
20 307 0.109704174
21 348 0.92155045
21 428 0.6766545
21 105 0.33216953
21 65 0.43657565
21 158 0.8099222
22 3 0.9064964
22 475 0.6053239
22 119 0.7156172
22 154 0.32652238
22 166 0.5086692
22 170 0.88192916
22 288 0.15585497
22 395 0.03481183
22 397 0.1269482
22 214 0.49131253
22 153 0.5436824
22 299 0.36350355
22 233 0.4264075
23 387 0.81620646
23 68 0.22188307
23 249 0.54767495
23 320 0.20188098
23 421 0.82592756
23 257 0.008659169
23 312 0.20785482
23 461 0.7319115
24 109 0.81122625
24 148 0.8714989
24 185 0.6273714
24 464 0.28012392
24 89 0.55262303
24 435 0.07612248
25 92 0.85057276
25 201 0.7747173
25 42 0.8228143
25 67 0.46440014
25 109 0.46812588
25 148 0.631595
25 296 0.2789791
25 26 0.30238736
26 25 0.22970705
26 67 0.3148516
26 136 0.11890372
26 148 0.91606903
26 296 0.6538716
26 194 0.13480288
26 426 0.3459991
26 89 0.37641385
27 12 0.50888187
27 55 0.093074955
27 79 0.0975425
27 70 0.92210895
27 199 0.89422375
27 230 0.9004078
27 261 0.9498285
27 346 0.61821324
27 269 0.35882142
27 258 0.8254169
28 129 0.67116326
28 161 0.8579097
28 293 0.49468514
28 432 0.7293241
28 444 0.92291355
28 204 0.71228546
28 385 0.014635467
28 371 0.76779807
29 46 0.7559592
29 146 0.781064
29 160 0.62674713
29 340 0.7168559
29 290 0.8310766
29 264 0.36454657
29 332 0.8688186
29 355 0.35303718
30 16 0.42670703
30 38 0.8365146
30 216 0.08911781
30 325 0.43148077
30 175 0.7812462
30 107 0.5454691
30 280 0.5593356
30 326 0.8572776
30 339 0.24890636
31 5 0.22704263
31 58 0.009414909
31 72 0.18387386
31 416 0.12829971
31 436 0.049321484
31 488 0.31449983
31 234 0.30483827
31 260 0.7192043
31 268 0.29238844
31 282 0.87145984
32 266 0.3742246
32 196 0.63270175
32 345 0.6710558
32 423 0.83476126
32 115 0.32253867
32 267 0.7548426
32 276 0.71117264
32 329 0.14692724
32 409 0.9298481
32 411 0.41968578
32 401 0.872623
33 221 0.68625605
33 360 0.8387846
33 389 0.76018065
33 192 0.41288882
33 76 0.6413875
33 206 0.47426724
34 15 0.046687383
34 16 0.6143797
34 175 0.5463448
34 244 0.49843785
34 326 0.1474248
34 339 0.5959656
34 368 0.7660695
34 168 0.4085796
34 202 0.3935692
34 483 0.5287724
34 86 0.27713475
34 431 0.5366845
35 181 0.476474
35 218 0.40480515
35 252 0.20926683
35 46 0.50791097
35 146 0.30677506
35 160 0.59970695
35 285 0.86831874
35 340 0.89883405
35 290 0.08250526
36 143 0.32426494
36 324 0.7549072
36 124 0.19962141
36 227 0.36634907
36 467 0.41661665
36 491 0.9040874
36 100 0.72365
36 181 0.39794526
36 218 0.43356362
36 286 0.90789753
37 120 0.39570874
37 126 0.101694085
37 272 0.30576175
37 412 0.7408552
37 476 0.7311818
37 494 0.099776156
37 85 0.925808
37 107 0.9187384
37 280 0.8198558
37 336 0.92034036
38 30 0.053119313
38 474 0.17349279
38 386 0.4012319
38 216 0.5092474
38 307 0.9300671
38 325 0.099737994
38 107 0.42727175
39 400 0.15759408
39 41 0.3495649
39 102 0.4209895
39 225 0.8821704
39 361 0.6969034
40 19 0.414634
40 73 0.91630644
40 75 0.21408461
40 165 0.7068532
40 396 0.3917057
41 39 0.24260426
41 277 0.48706156
41 400 0.51986295
41 455 0.81078994
41 152 0.10040351
41 323 0.14003453
41 102 0.80104136
41 225 0.5954515
41 361 0.6133637
41 78 0.7671617
41 131 0.4681211
41 235 0.3103756
42 25 0.5266594
42 43 0.55314565
42 217 0.54827774
42 201 0.7913487
42 61 0.8231725
42 316 0.71251076
42 328 0.19110616
42 365 0.8559975
42 109 0.21405293
42 185 0.06510734
43 42 0.20470464
43 217 0.28228274
43 371 0.43549213
43 201 0.12871015
43 61 0.23797587
43 328 0.0058672694
43 365 0.118143275
44 420 0.8966389
44 253 0.3592688
44 275 0.08005192
44 463 0.64851344
44 62 0.721222
44 226 0.49382952
44 246 0.6630224
44 301 0.8346827
44 403 0.2501681
44 453 0.7995251
44 478 0.40017954
44 486 0.25293484
44 496 0.7861314
45 477 0.85647714
45 195 0.17517784
45 414 0.8816317
45 108 0.76759565
45 167 0.06258586
45 424 0.18048847
45 291 0.13529713
45 456 0.13235536
45 466 0.22599082
46 29 0.90829974
46 35 0.5054051
46 181 0.03844339
46 146 0.27317938
46 160 0.58617467
46 285 0.334364
46 340 0.55296785
46 112 0.55581045
46 292 0.47545767
46 430 0.2901792
46 264 0.21545812
46 355 0.44533384
47 385 0.28201044
47 167 0.27035198
47 424 0.70351166
47 459 0.6266186
47 291 0.8312284
47 222 0.6368957
48 468 0.7354666
48 174 0.25143015
48 236 0.26728994
48 294 0.9194869
48 390 0.5859578
48 497 0.43317685
48 393 0.83118886
49 331 0.4240854
49 456 0.895946
49 334 0.53200233
49 59 0.6526874
49 179 0.41200364
49 359 0.52592814
50 178 0.5792426
50 113 0.0975223
50 211 0.4390693
50 372 0.33628416
50 198 0.6515181
50 452 0.25344536
50 262 0.66177624
51 7 0.32266605
51 394 0.08696936
51 425 0.57897955
51 500 0.7949308
51 414 0.32756788
52 417 0.8821553
52 123 0.39004675
52 344 0.91357124
52 343 0.7962662
52 255 0.922526
52 278 0.3899057
52 399 0.30529308
52 490 0.13619506
53 90 0.9076318
53 382 0.93464786
53 74 0.4694943
53 266 0.36667532
53 97 0.5479174
53 223 0.007962252
53 499 0.73706245
53 276 0.78137434
54 321 0.4990728
54 203 0.5842484
54 356 0.4780246
54 284 0.65357196
54 155 0.87199426
54 418 0.051293965
54 311 0.5976425
54 416 0.3470209
54 240 0.78246117
54 254 0.04180144
55 12 0.6201834
55 27 0.59929055
55 79 0.76623356
55 141 0.7083101
55 243 0.2763168
55 250 0.5525028
55 308 0.45307207
55 342 0.23573631
55 199 0.11714062
56 6 0.54329926
56 11 0.9192264
56 135 0.5344181
56 304 0.7012902
56 357 0.6784861
56 367 0.03324316
56 406 0.8654032
56 60 0.7162372
56 94 0.013897796
56 163 0.05406619
56 172 0.15938048
56 448 0.6590038
56 480 0.38682273
57 81 0.31331995
57 207 0.6758984
57 90 0.4470679
57 256 0.94335556
58 5 0.18279622
58 31 0.07353861
58 330 0.6274398
58 72 0.07491244
58 247 0.73426956
58 248 0.7704529
58 311 0.44619343
58 416 0.040933758
58 436 0.14257187
58 488 0.3792105
58 234 0.009522109
58 260 0.40393925
58 268 0.1373147
58 282 0.845817
59 13 0.39068907
59 49 0.017437529
59 179 0.9349465
59 124 0.7656874
59 227 0.70491856
59 359 0.9104558
59 467 0.90112
59 491 0.5603352
59 77 0.5972456
60 6 0.17798217
60 11 0.8683812
60 56 0.35024786
60 182 0.163673
60 304 0.106361605
60 357 0.10349971
60 367 0.011074096
60 406 0.5539813
60 172 0.40724972
60 480 0.6761597
60 191 0.012395285
60 447 0.58572036
61 42 0.653288
61 43 0.2766558
61 217 0.10660951
61 201 0.029040996
61 316 0.84448683
61 328 0.53844124
61 365 0.8834759
61 88 0.80838126
61 318 0.54697263
61 408 0.26533687
61 109 0.8898635
61 185 0.29321733
62 44 0.49368015
62 253 0.29532406
62 322 0.7844855
62 226 0.47142643
62 246 0.29759058
62 301 0.33151108
62 403 0.23592907
62 453 0.70533955
62 478 0.4083148
62 486 0.012759077
62 496 0.63785404
62 91 0.808983
62 381 0.6002008
63 140 0.55861926
63 332 0.35639566
63 355 0.71026266
63 130 0.598882
63 255 0.7728094
63 278 0.5848344
63 370 0.1236476
63 208 0.6806369
64 2 0.5994009
64 7 0.59933496
64 122 0.92753166
64 440 0.27220422
64 114 0.8972581
64 117 0.29485074
64 305 0.8162254
64 210 0.6795827
64 500 0.65358424
64 392 0.6220132
65 1 0.29099318
65 21 0.0773994
65 244 0.044960484
65 158 0.17258155
65 187 0.14766926
65 168 0.3353951
65 483 0.32893005
65 407 0.90280807
66 8 0.77415097
66 152 0.5028375
66 224 0.64379895
66 238 0.307748
66 323 0.86931676
66 353 0.88530105
66 441 0.81702876
66 78 0.20250933
66 131 0.13031998
66 197 0.7732256
66 235 0.7459721
66 271 0.65982
66 358 0.82467824
66 498 0.77408856
67 25 0.39354047
67 26 0.57572836
67 187 0.75444055
67 231 0.29425326
67 383 0.82893896
67 92 0.9264105
67 186 0.50516176
67 407 0.47393975
67 136 0.092943326
67 317 0.4041926
67 296 0.028568484
68 23 0.8023434
68 387 0.508248
68 177 0.025270913
68 249 0.8816426
68 320 0.44627872
68 421 0.7977628
68 257 0.2620416
68 312 0.8690196
69 4 0.6136481
69 10 0.34839633
69 157 0.3004117
69 384 0.42701834
69 485 0.23684424
69 492 0.8336822
69 232 0.71913415
69 213 0.5916927
69 242 0.86981153
69 363 0.24866882
69 125 0.6200812
69 281 0.8152216
69 375 0.03311071
69 457 0.21439613
69 470 0.40154678
69 180 0.7700374
70 27 0.4578163
70 199 0.36136997
70 269 0.86230385
70 258 0.5425881
71 156 0.82689154
71 215 0.7628092
71 335 0.06853054
71 374 0.75043815
71 439 0.38696632
71 169 0.1640956
71 302 0.24295117
71 422 0.78587127
72 5 0.1466013
72 31 0.7369481
72 58 0.14095834
72 247 0.8807337
72 248 0.50319296
72 416 0.77715904
72 436 0.53841645
72 488 0.62576836
72 234 0.017724846
72 260 0.47322366
72 268 0.007562159
72 282 0.28997114
73 40 0.22955106
73 75 0.37962016
73 165 0.34830704
73 396 0.08334825
73 364 0.9329108
74 53 0.5159982
74 85 0.21806188
74 90 0.29447022
74 382 0.51198846
74 266 0.5602409
74 336 0.0050075217
74 97 0.3922518
74 223 0.21041879
74 499 0.10839855
74 276 0.8098013
75 40 0.7213513
75 73 0.27108932
75 165 0.8318512
75 396 0.585916
75 121 0.59504193
75 364 0.54464746
75 209 0.32699785
75 239 0.41718054
76 33 0.029603647
76 137 0.9289347
76 349 0.10096434
76 481 0.73583925
76 221 0.50952893
76 314 0.4162327
76 319 0.69688845
76 360 0.2174289
76 389 0.51208985
76 490 0.7473815
76 192 0.56544846
76 206 0.19464679
76 493 0.09375834
77 13 0.18812296
77 59 0.33809564
77 179 0.8901481
77 124 0.5880806
77 227 0.29917848
77 359 0.3856348
77 467 0.5070321
77 491 0.80902225
77 286 0.78119
78 41 0.81708705
78 66 0.6742034
78 152 0.057078
78 224 0.4361877
78 238 0.6663614
78 323 0.64597213
78 353 0.16491488
78 131 0.18733497
78 197 0.59512395
78 235 0.45044014
78 271 0.33630785
78 358 0.28885028
79 12 0.025123462
79 27 0.02774649
79 55 0.22376065
79 439 0.94301015
79 141 0.09500066
79 243 0.06795665
80 198 0.73177016
80 452 0.44430074
80 104 0.94565445
80 110 0.46708605
80 193 0.20205998
80 265 0.3688221
80 327 0.6204054
80 445 0.2516905
80 473 0.3160431
80 150 0.5891781
80 330 0.9064953
80 247 0.84186727
81 57 0.42683128
81 134 0.33113414
81 173 0.61870515
81 295 0.16423449
81 427 0.49832022
81 449 0.30727142
82 119 0.8788579
82 391 0.6484475
82 147 0.40636674
82 293 0.56369305
82 214 0.64098245
82 204 0.67980313
83 121 0.28902894
83 338 0.6969511
83 433 0.71268404
83 472 0.6735483
83 132 0.27904207
83 495 0.7143081
83 176 0.19624631
83 413 0.83533144
84 99 0.075416505
84 118 0.39386144
84 127 0.43091133
84 138 0.60880923
84 134 0.45172864
84 173 0.58300054
84 295 0.15938808
84 427 0.52326256
84 449 0.7989567
84 120 0.7582817
84 126 0.26375768
84 412 0.18806209
84 476 0.7942699
85 37 0.7878768
85 74 0.17733349
85 272 0.4548322
85 494 0.23380396
85 107 0.70842564
85 280 0.42483234
85 266 0.8549066
85 336 0.07130321
86 15 0.30915296
86 34 0.8212897
86 280 0.6396155
86 326 0.8038723
86 339 0.7558689
86 368 0.37375176
86 196 0.6722649
86 345 0.7797919
86 116 0.12791508
86 189 0.58548814
86 362 0.75495523
86 410 0.31483743
86 415 0.470369
86 423 0.8173538
86 431 0.8085011
86 438 0.020099765
87 472 0.9026334
87 132 0.53628767
87 129 0.29065
87 149 0.7058637
87 161 0.55112785
87 176 0.94949824
87 293 0.64815426
87 432 0.40057656
87 444 0.948796
87 477 0.114108235
87 385 0.6954216
87 424 0.7639553
88 61 0.511722
88 316 0.503014
88 328 0.4084167
88 365 0.8192017
88 143 0.8930015
88 318 0.8459821
88 324 0.7881718
88 404 0.8290161
88 408 0.41094416
88 185 0.5159314
89 24 0.6245629
89 26 0.28400928
89 148 0.5815006
89 435 0.23528749
90 53 0.45966974
90 57 0.29019764
90 74 0.85985565
90 449 0.75137913
90 494 0.05372826
90 382 0.05738867
90 256 0.4843764
91 62 0.63347435
91 253 0.4301256
91 322 0.13170731
91 454 0.32185537
91 171 0.37598214
91 333 0.2635685
91 381 0.19181658
92 25 0.7554483
92 67 0.1313561
92 212 0.58821845
92 231 0.7996144
92 383 0.5655067
92 201 0.5624056
92 317 0.595093
92 109 0.051093455
92 296 0.11277627
93 204 0.82123876
93 279 0.050019205
93 371 0.13628504
94 6 0.6190954
94 11 0.8862344
94 56 0.6569113
94 163 0.2641686
94 172 0.6955665
94 448 0.4998631
94 480 0.1035279
94 191 0.7724127
94 393 0.5373357
94 184 0.0823853
95 465 0.13346033
95 234 0.63824147
95 366 0.5468716
95 96 0.32062203
95 128 0.66464037
96 95 0.63454366
96 366 0.49420294
96 482 0.5108111
96 128 0.80240935
97 53 0.8534366
97 74 0.66994685
97 382 0.053613417
97 152 0.704973
97 224 0.5851048
97 238 0.52899325
97 256 0.29773507
97 323 0.6991404
97 353 0.68251
97 223 0.07231027
97 441 0.15873413
97 499 0.57331455
97 131 0.6972513
97 197 0.43353134
98 237 0.13731994
98 458 0.2972488
98 133 0.92982846
98 313 0.27420092
98 468 0.71518356
99 84 0.6206248
99 419 0.70812076
99 103 0.5564777
99 118 0.53361773
99 127 0.43448117
99 138 0.01732186
99 173 0.25559005
99 295 0.5860344
99 427 0.22511372
100 36 0.53641737
100 143 0.78457165
100 324 0.43718445
100 124 0.89309734
100 464 0.8161336
100 218 0.020000521
100 286 0.061394297
101 14 0.61323047
101 133 0.11479561
101 190 0.23386182
101 378 0.7930953
101 313 0.3201727
101 388 0.50243974
102 39 0.5579725
102 41 0.49427927
102 400 0.52454627
102 225 0.45265272
102 361 0.6116748
102 235 0.5214385
103 99 0.050198983
103 398 0.8106445
103 419 0.0051350608
103 118 0.09702356
103 127 0.38989413
104 80 0.68191206
104 198 0.52806205
104 452 0.6690722
104 110 0.3354161
104 193 0.9042854
104 327 0.86692846
104 445 0.36140534
104 473 0.93477786
104 150 0.8347574
104 330 0.2677436
105 21 0.24112976
105 348 0.26191583
105 175 0.32142138
105 354 0.30778903
105 377 0.939976
105 162 0.5221351
105 244 0.6834168
105 483 0.7492557
106 4 0.9468648
106 10 0.90113735
106 297 0.90244454
106 384 0.4843787
106 492 0.24663107
106 232 0.7391587
106 309 0.3750673
106 263 0.033800125
106 180 0.8826432
106 219 0.6525394
107 30 0.751738
107 37 0.3356079
107 38 0.524044
107 85 0.37395915
107 386 0.342807
107 216 0.8416083
107 120 0.44699204
107 272 0.7283486
107 280 0.7688979
107 339 0.8008434
107 336 0.21946397
108 45 0.2513375
108 195 0.22129066
108 414 0.47768414
108 466 0.81635606
109 24 0.22544235
109 25 0.44815913
109 42 0.91780376
109 61 0.52005637
109 92 0.17387132
109 201 0.16637771
109 328 0.7839106
109 365 0.015652088
109 148 0.6428836
109 296 0.53407276
109 185 0.38144553
110 80 0.5399389
110 104 0.632686
110 198 0.49548942
110 452 0.5603682
110 193 0.05005894
110 265 0.34120908
110 327 0.20625192
110 445 0.2899122
110 473 0.22553392
110 330 0.9255278
111 17 0.19001152
111 18 0.72689015
111 188 0.49997088
111 379 0.077013716
111 229 0.81622565
111 159 0.9125004
111 347 0.43628246
111 446 0.56497854
111 429 0.20576696
112 46 0.2379215
112 160 0.7730976
112 285 0.71091163
112 417 0.21665157
112 123 0.47805917
112 292 0.72937435
112 300 0.6200923
112 344 0.6678634
112 430 0.10033187
112 264 0.3998118
113 50 0.8323435
113 435 0.52025586
113 211 0.26523584
113 372 0.080855615
113 262 0.33205986
113 298 0.6525701
114 2 0.52199084
114 7 0.9495656
114 64 0.3532587
114 440 0.8812409
114 117 0.35451517
114 305 0.26659936
114 210 0.7251608
114 500 0.1926589
114 392 0.39769962
115 32 0.901159
115 196 0.60009354
115 345 0.13809714
115 423 0.68382823
115 267 0.28021687
115 276 0.46844837
115 329 0.8714745
115 409 0.4433334
115 411 0.49718934
115 283 0.3418513
115 401 0.11017501
115 182 0.3370242
116 15 0.84216815
116 86 0.66931254
116 196 0.11013804
116 345 0.17930749
116 189 0.72313917
116 362 0.692512
116 410 0.5557118
116 415 0.56044394
116 423 0.57322973
116 431 0.7255359
116 438 0.8907692
117 2 0.40393627
117 64 0.73665226
117 114 0.10921039
117 122 0.21460007
117 303 0.63802046
117 440 0.8898457
117 305 0.8477693
117 210 0.6864752
118 84 0.7676291
118 99 0.07140273
118 103 0.7257841
118 419 0.03509134
118 127 0.028493555
118 138 0.7906797
118 173 0.6448518
118 295 0.3756626
118 427 0.31968072
118 449 0.23585668
118 126 0.538164
118 412 0.35164937
119 3 0.55291516
119 22 0.18056835
119 82 0.7959977
119 259 0.0325535
119 274 0.63560754
119 475 0.57793164
119 391 0.6074691
119 154 0.84659255
119 166 0.32838887
119 170 0.8913288
119 288 0.2761839
119 397 0.73449
119 214 0.16485035
120 37 0.21499489
120 84 0.7109045
120 107 0.5738867
120 138 0.58440596
120 386 0.0118093835
120 216 0.5856598
120 126 0.5961798
120 272 0.28673646
120 412 0.014872692
120 476 0.7897747
120 494 0.6674567
121 75 0.2583246
121 83 0.23770848
121 396 0.64850575
121 364 0.76555115
121 433 0.29897523
121 413 0.5059715
122 2 0.02606223
122 7 0.21671893
122 64 0.49641663
122 117 0.4978557
122 273 0.10597175
122 303 0.8863135
122 440 0.18097396
122 500 0.4856448
123 112 0.42025504
123 417 0.23771866
123 292 0.76220775
123 344 0.13051867
123 430 0.21689554
123 140 0.6515158
123 264 0.12772109
123 332 0.36718482
123 355 0.121159375
123 343 0.15546472
123 255 0.8409281
123 278 0.8753764
123 52 0.20947379
124 36 0.40684703
124 59 0.7733152
124 77 0.83379334
124 100 0.7720783
124 179 0.095529154
124 143 0.36870238
124 324 0.9177932
124 404 0.6576756
124 227 0.9117438
124 359 0.08965394
124 467 0.43532977
124 491 0.2004392
124 286 0.1379626
125 10 0.8901166
125 69 0.26243433
125 492 0.13624361
125 242 0.032338016
125 363 0.8603003
125 281 0.35172278
125 375 0.6307704
125 457 0.6117432
125 470 0.3449073
125 180 0.406725
125 306 0.46040544
126 37 0.11334661
126 84 0.48935342
126 118 0.7762151
126 120 0.0814381
126 138 0.7488025
126 386 0.7804819
126 427 0.54034144
126 272 0.34051874
126 412 0.88369995
126 476 0.544028
126 494 0.15099075
127 84 0.04605128
127 99 0.44539344
127 103 0.5509222
127 118 0.6747604
127 419 0.70629126
127 138 0.83830047
127 173 0.11327447
127 295 0.5267747
128 95 0.43570846
128 96 0.08272561
128 376 0.83168757
128 465 0.7758687
128 479 0.22349104
128 366 0.5095056
128 351 0.40294752
128 402 0.88232803
129 28 0.31442878
129 87 0.62366366
129 149 0.21008004
129 161 0.22968249
129 176 0.37002075
129 293 0.2011759
129 432 0.045504097
129 444 0.3261006
129 385 0.66962516
129 424 0.2591111
130 63 0.21585588
130 140 0.636372
130 332 0.66289884
130 355 0.5973416
130 255 0.73539066
130 278 0.009898023
130 370 0.46566445
130 208 0.5054089
130 360 0.8639375
130 389 0.7675472
130 399 0.7277906
130 490 0.8191633
131 41 0.8116074
131 66 0.6093117
131 78 0.40911204
131 97 0.6642228
131 152 0.49625885
131 224 0.89889747
131 238 0.6495409
131 256 0.09052972
131 323 0.803857
131 353 0.42504594
131 225 0.64742106
131 197 0.46053535
131 235 0.7875825
131 271 0.9213293
131 358 0.4309403
132 83 0.14996518
132 87 0.28388208
132 338 0.54624206
132 433 0.036636516
132 472 0.82937855
132 394 0.81009376
132 495 0.6077405
132 149 0.38617942
132 176 0.14477646
133 14 0.8870347
133 98 0.013760636
133 101 0.079355426
133 237 0.10314913
133 451 0.48510134
133 458 0.30875272
133 190 0.7828384
133 378 0.92556816
133 313 0.45142764
133 388 0.7859713
134 81 0.22136813
134 84 0.22150418
134 173 0.5502854
134 295 0.6731462
134 427 0.18140343
134 449 0.837193
135 8 0.6110242
135 56 0.31535852
135 498 0.71482897
135 182 0.9347014
135 304 0.76198244
135 357 0.028122611
135 367 0.9009374
135 406 0.13189505
135 163 0.6741119
135 172 0.8455572
135 448 0.82930356
136 26 0.88269234
136 67 0.7334675
136 186 0.35101613
136 407 0.63663626
136 437 0.26573008
136 317 0.18478246
136 194 0.73081154
136 426 0.17477384
137 76 0.8179479
137 349 0.8879601
137 479 0.4718193
137 481 0.3046936
137 221 0.3298136
137 314 0.11856324
137 319 0.6166371
137 399 0.21790792
137 490 0.59192353
137 351 0.5882345
137 402 0.13970324
137 493 0.33627945
138 84 0.7699753
138 99 0.46929064
138 118 0.21868476
138 120 0.8591114
138 126 0.7749731
138 127 0.6194355
138 386 0.2224927
138 412 0.20221773
138 476 0.7623554
139 306 0.23424493
139 434 0.72311205
139 142 0.921475
139 454 0.86093575
139 460 0.9158325
139 315 0.05709499
140 63 0.3694283
140 123 0.008220759
140 130 0.16160154
140 264 0.05915448
140 332 0.60414577
140 355 0.2373009
140 255 0.6542627
140 278 0.7536024
140 370 0.64964604
140 208 0.8515277
141 12 0.04246318
141 55 0.74853253
141 79 0.48637763
141 439 0.94837534
141 243 0.30159444
141 250 0.8451721
141 308 0.02283856
141 342 0.44628087
142 139 0.92495716
142 306 0.13560876
142 434 0.045080505
142 454 0.16105886
142 460 0.04609825
142 259 0.6194734
142 462 0.5788142
142 166 0.3204807
142 288 0.8110162
142 315 0.061283253
143 36 0.58073384
143 88 0.2165105
143 100 0.3768043
143 124 0.035427835
143 316 0.7674932
143 318 0.5182659
143 324 0.8465402
143 404 0.49773106
143 408 0.8780883
143 185 0.66705334
144 482 0.6052699
145 228 0.2652464
145 250 0.69188464
145 308 0.8277912
145 442 0.60853773
145 230 0.11158811
145 245 0.316192
145 261 0.23606287
145 346 0.48549303
145 420 0.49078375
145 484 0.92150944
145 337 0.38442627
146 29 0.20235603
146 35 0.65459645
146 46 0.45820826
146 181 0.875461
146 160 0.18756144
146 285 0.42560026
146 340 0.59853655
146 290 0.4866607
146 264 0.011667874
146 355 0.26118547
147 82 0.5345823
147 472 0.40507105
147 161 0.77061325
147 293 0.35571775
147 444 0.6922119
148 24 0.6014703
148 25 0.3522124
148 26 0.8443174
148 89 0.16499473
148 109 0.7986988
148 296 0.45072633
149 87 0.760525
149 129 0.89030343
149 132 0.074355006
149 338 0.54082197
149 472 0.6274685
149 495 0.34090292
149 161 0.61180705
149 176 0.11255685
149 432 0.26366538
149 477 0.64104724
149 424 0.8141757
150 80 0.7156519
150 104 0.21350615
150 198 0.61382574
150 452 0.32085103
150 330 0.037234966
150 376 0.83058345
150 465 0.48786354
150 247 0.13078447
151 171 0.946996
151 381 0.30465046
151 462 0.934722
151 348 0.82736343
152 41 0.28357056
152 66 0.9482505
152 78 0.8544055
152 97 0.8905667
152 131 0.28220755
152 224 0.5450487
152 238 0.48801672
152 256 0.010791882
152 323 0.26819533
152 353 0.24911636
152 223 0.87343174
152 499 0.8943395
152 197 0.17321096
152 235 0.696017
152 271 0.27680308
152 358 0.27538985
153 22 0.17254679
153 154 0.038965233
153 170 0.4799851
153 395 0.77047336
153 397 0.88353837
153 299 0.07451997
153 428 0.08043128
153 233 0.7702448
153 352 0.35152316
154 3 0.71661466
154 22 0.72893274
154 119 0.76259875
154 153 0.6546561
154 475 0.5290532
154 462 0.30659756
154 166 0.8269217
154 170 0.9026395
154 288 0.20258912
154 315 0.007814754
154 395 0.35838935
154 397 0.12632975
154 214 0.015493571
154 299 0.8823194
154 428 0.8064995
154 233 0.21252885
155 54 0.47933435
155 405 0.66762954
155 418 0.8828368
155 251 0.5722821
155 240 0.17959961
155 254 0.73731714
156 71 0.2135486
156 215 0.65938836
156 335 0.5352521
156 374 0.39993784
156 169 0.85849273
156 302 0.26702806
156 422 0.290832
157 17 0.07669217
157 69 0.46830773
157 229 0.5655807
157 159 0.8717113
157 347 0.6144676
157 485 0.590158
157 446 0.9433998
157 213 0.80688745
157 363 0.64179575
157 429 0.18279116
157 457 0.87371063
158 1 0.6269928
158 21 0.3214426
158 65 0.57197165
158 348 0.6599181
158 244 0.43274894
158 187 0.17410171
158 168 0.09138171
158 407 0.8055839
159 17 0.51608205
159 18 0.54645944
159 111 0.31442088
159 157 0.3022569
159 229 0.77524084
159 347 0.77634674
159 485 0.14477375
159 446 0.3813705
159 213 0.36010742
159 363 0.24371056
159 429 0.5780922
159 457 0.7041074
160 29 0.94140035
160 35 0.059452523
160 46 0.0059290715
160 112 0.43360007
160 146 0.7377056
160 181 0.58627486
160 285 0.32482716
160 340 0.91298467
160 292 0.14056702
160 430 0.65680677
160 264 0.027554566
160 355 0.722465
161 28 0.05544641
161 87 0.36865744
161 129 0.25833026
161 147 0.82104427
161 149 0.57592577
161 472 0.3054191
161 176 0.051538445
161 293 0.53502065
161 432 0.7664969
161 444 0.043184847
162 16 0.9296458
162 105 0.6885969
162 348 0.07625499
162 175 0.69520944
162 354 0.8038181
162 377 0.3890858
162 244 0.2216199
162 483 0.703608
163 6 0.559978
163 8 0.18164566
163 11 0.43434638
163 56 0.6186917
163 94 0.19848147
163 135 0.6461356
163 498 0.3708378
163 304 0.286931
163 357 0.48631164
163 367 0.51868314
163 406 0.5146892
163 172 0.09043802
163 448 0.17807512
163 480 0.6652077
164 443 0.908769
164 184 0.6926318
164 284 0.076645
164 405 0.031705476
164 251 0.30234638
165 19 0.11392847
165 40 0.16972874
165 73 0.47722644
165 75 0.034779906
165 396 0.6002158
166 3 0.31971207
166 22 0.42409092
166 119 0.2867012
166 142 0.594131
166 154 0.31704596
166 460 0.8447479
166 259 0.689535
166 475 0.9010727
166 462 0.15006055
166 170 0.30064064
166 288 0.57938117
166 315 0.43047476
166 395 0.4752033
166 397 0.9438913
167 45 0.7861629
167 47 0.53046316
167 477 0.7001742
167 195 0.47476342
167 414 0.24900395
167 424 0.45436049
167 459 0.5287061
167 291 0.13353908
168 1 0.6891522
168 34 0.5461969
168 65 0.065016225
168 158 0.9060148
168 244 0.116351604
168 368 0.75558954
168 202 0.23846354
168 483 0.2672266
168 437 0.2840661
169 71 0.09701051
169 156 0.8402777
169 215 0.2960528
169 335 0.05344679
169 374 0.1853219
169 439 0.7048895
169 188 0.868981
169 302 0.5959944
169 379 0.18578146
169 422 0.24071132
169 342 0.7417128
170 3 0.42342556
170 22 0.93844
170 119 0.6914157
170 153 0.5523342
170 154 0.6295519
170 166 0.43910122
170 475 0.73288333
170 288 0.81513757
170 395 0.9179229
170 397 0.19578159
170 214 0.100223154
170 299 0.39517078
170 428 0.8490449
170 233 0.26419422
170 352 0.43891543
171 91 0.78255296
171 151 0.52934235
171 322 0.19122204
171 454 0.43902242
171 333 0.36360925
171 381 0.10969613
171 462 0.26247606
172 6 0.90589315
172 11 0.61503595
172 56 0.64297146
172 60 0.73579866
172 94 0.9141761
172 135 0.4261321
172 163 0.2047042
172 182 0.23083258
172 304 0.75637144
172 357 0.11903181
172 367 0.5887985
172 406 0.299299
172 448 0.83060914
172 480 0.3663885
173 81 0.63029313
173 84 0.13661064
173 99 0.70072365
173 118 0.027927915
173 127 0.41798708
173 134 0.25132516
173 295 0.4789585
173 427 0.90025765
173 449 0.5568527
174 48 0.5283509
174 468 0.1736429
174 236 0.89031875
174 294 0.5234684
174 390 0.37987944
174 497 0.31265587
174 270 0.2923256
175 15 0.69886154
175 16 0.679602
175 30 0.28210035
175 34 0.87283903
175 105 0.8602227
175 162 0.1909434
175 354 0.07191708
175 377 0.7357438
175 244 0.18827681
175 326 0.5663802
175 339 0.30040303
175 368 0.7231982
175 483 0.20429954
176 83 0.23869705
176 87 0.0928775
176 129 0.6765575
176 132 0.9305646
176 149 0.47405735
176 161 0.7300056
176 338 0.7629239
176 433 0.7615553
176 472 0.4409628
176 495 0.59713846
176 293 0.42781895
176 432 0.20367338
177 68 0.19508179
177 380 0.3515507
177 387 0.59624475
177 241 0.28335723
177 178 0.5000366
177 469 0.75960535
177 312 0.10953221
178 50 0.6513628
178 177 0.21374516
178 241 0.6234785
178 310 0.2935763
178 469 0.9339579
178 372 0.6753323
179 49 0.3294218
179 59 0.5772662
179 77 0.76775336
179 124 0.92409194
179 331 0.86703074
179 227 0.84005576
179 359 0.48686078
179 467 0.76164764
180 4 0.28797922
180 10 0.8287005
180 69 0.7951056
180 106 0.025689678
180 125 0.45337716
180 384 0.15415408
180 492 0.26915255
180 232 0.1671053
180 219 0.6597237
180 306 0.057120807
180 434 0.170087
181 35 0.22939113
181 36 0.68775064
181 46 0.67306185
181 146 0.8972852
181 160 0.6768283
181 218 0.40997928
181 286 0.19020852
181 252 0.2752131
181 285 0.24669243
181 340 0.02027295
181 290 0.19841917
182 8 0.43969777
182 60 0.091311775
182 115 0.8806222
182 135 0.59644413
182 172 0.69361824
182 441 0.24747081
182 267 0.6780709
182 409 0.4487893
182 304 0.072485365
182 357 0.87439114
182 367 0.7412293
182 406 0.482066
183 20 0.78357655
183 453 0.83738923
183 333 0.77691233
183 381 0.52034014
183 471 0.5662664
183 474 0.8391709
183 450 0.73826367
183 307 0.42752182
184 11 0.33271018
184 94 0.63008755
184 164 0.7222812
184 191 0.16144608
184 443 0.6898195
184 284 0.7925127
184 405 0.14028294
185 24 0.613339
185 42 0.55677265
185 61 0.7797414
185 88 0.89629614
185 109 0.41235164
185 143 0.2708805
185 201 0.22965235
185 316 0.21661903
185 328 0.28389382
185 365 0.6960244
185 318 0.42156354
185 408 0.7649687
185 464 0.07024771
186 1 0.09647937
186 67 0.91296494
186 136 0.44155592
186 187 0.43524536
186 407 0.6926252
186 437 0.81794715
186 317 0.5871558
186 380 0.39634576
186 194 0.2348903
186 426 0.6541401
187 1 0.66454834
187 65 0.7583294
187 67 0.92421114
187 158 0.14115329
187 186 0.2908205
187 231 0.16560052
187 383 0.8381715
187 407 0.13402022
187 317 0.6855014
188 111 0.5711556
188 169 0.38071427
188 302 0.13123386
188 379 0.22269571
188 422 0.26515383
188 229 0.18126601
189 15 0.10455653
189 86 0.52192014
189 116 0.24750258
189 196 0.67458624
189 345 0.6354817
189 362 0.1586015
189 410 0.47418568
189 415 0.18879743
189 423 0.13382065
189 431 0.5175714
189 438 0.8496058
189 329 0.5697022
189 411 0.19969009
189 283 0.40938434
190 101 0.72130066
190 133 0.17393778
190 451 0.22915356
190 458 0.33235183
190 378 0.7209269
190 388 0.5728855
191 6 0.225767
191 11 0.6795886
191 60 0.18694158
191 94 0.54426587
191 184 0.018868499
191 304 0.916057
191 480 0.3403043
191 447 0.71325916
191 443 0.7460085
192 33 0.45863277
192 76 0.07876314
192 221 0.46736366
192 360 0.6802648
192 389 0.45709234
192 206 0.032700114
193 80 0.79074925
193 104 0.15498191
193 110 0.4800429
193 489 0.7005798
193 265 0.6669085
193 327 0.011193282
193 445 0.07566213
193 473 0.44549817
193 330 0.9139685
193 247 0.6906669
193 248 0.5996173
193 311 0.5742349
194 26 0.113287106
194 136 0.42019138
194 186 0.25057167
194 437 0.0019190517
194 380 0.20087066
194 426 0.85205656
194 310 0.7317449
194 469 0.33683836
195 45 0.029043574
195 108 0.861457
195 167 0.7648499
195 477 0.82616043
195 414 0.7766749
195 424 0.6413344
195 459 0.07228148
195 291 0.012612997
195 456 0.7369519
196 32 0.77942765
196 86 0.65731066
196 115 0.32185316
196 116 0.17600209
196 189 0.03362775
196 345 0.1169422
196 362 0.398246
196 410 0.3001195
196 415 0.74258524
196 423 0.6922062
196 438 0.7985621
196 276 0.82549393
196 329 0.36873323
196 409 0.62558776
196 411 0.6672895
196 401 0.23449236
197 8 0.15596685
197 66 0.6813244
197 78 0.43834507
197 97 0.14591292
197 131 0.7009936
197 152 0.41591987
197 224 0.79527396
197 238 0.9010714
197 323 0.288953
197 353 0.2708856
197 223 0.19153778
197 441 0.22321007
197 499 0.118698664
197 235 0.49698204
197 271 0.4812203
197 358 0.8965355
197 498 0.38270292
198 50 0.4301048
198 80 0.020784572
198 104 0.012937548
198 110 0.6820017
198 150 0.87668157
198 452 0.4602432
198 262 0.10543287
198 376 0.2666035
199 9 0.36366302
199 27 0.88873065
199 55 0.2908469
199 70 0.055002928
199 250 0.40941617
199 230 0.23488784
199 261 0.78309774
199 346 0.5261925
199 269 0.18647364
199 258 0.94362843
200 257 0.51414454
200 321 0.6504266
200 443 0.23235458
200 203 0.45893508
200 350 0.35021558
200 356 0.8918418
200 461 0.85412264
200 489 0.59847075
200 284 0.49983683
200 418 0.20666394
201 25 0.55148745
201 42 0.47335052
201 43 0.40145206
201 61 0.3888708
201 92 0.48736683
201 109 0.7213659
201 185 0.9412394
201 217 0.20182915
201 328 0.6105931
201 365 0.4812613
201 296 0.43581986
202 1 0.5892789
202 34 0.74682057
202 168 0.684312
202 244 0.25741112
202 368 0.3820668
202 483 0.2424424
202 437 0.9334503
202 220 0.71416634
203 54 0.8646145
203 200 0.86546934
203 257 0.026381461
203 321 0.35384375
203 443 0.78794336
203 350 0.7981378
203 356 0.7793188
203 461 0.56604314
203 489 0.3947596
203 265 0.8499883
203 473 0.028664868
203 284 0.05733687
203 418 0.07156693
204 28 0.07423388
204 82 0.1560377
204 93 0.15119565
204 444 0.46819893
204 371 0.11421048
205 7 0.9323203
205 273 0.0868022
205 338 0.28645578
205 433 0.6906725
205 394 0.47443566
205 495 0.5155245
205 500 0.71525353
206 33 0.7042122
206 76 0.54064995
206 192 0.03822868
206 389 0.8470736
207 57 0.12588203
207 277 0.84252155
207 455 0.87594646
207 256 0.32620776
208 63 0.080553964
208 130 0.65514284
208 140 0.27901012
208 332 0.8804884
208 355 0.72658515
208 255 0.7735459
208 278 0.92755836
208 370 0.24523517
209 75 0.41285196
209 396 0.57528067
209 239 0.33629996
209 274 0.7177673
210 7 0.90480536
210 64 0.15272559
210 114 0.4307018
210 117 0.19599107
210 440 0.8579084
210 305 0.77716297
210 425 0.71564186
210 500 0.6774261
210 392 0.93798804
211 50 0.47374082
211 113 0.05747315
211 372 0.5734564
211 262 0.13486795
211 298 0.3781104
212 92 0.11387159
212 233 0.02659577
212 279 0.15012494
212 352 0.19820175
212 231 0.8277011
212 383 0.5962309
213 18 0.9255138
213 69 0.21036384
213 157 0.20151435
213 159 0.8856844
213 347 0.8713867
213 485 0.3999719
213 446 0.89194167
213 242 0.44256756
213 363 0.7520689
213 429 0.76661146
213 281 0.6412511
213 457 0.6546451
214 3 0.29348904
214 22 0.031400036
214 82 0.17468846
214 119 0.94920605
214 154 0.067737475
214 170 0.4969425
214 475 0.53444624
214 391 0.53543514
214 397 0.5350622
214 233 0.10403389
215 71 0.16898166
215 156 0.37223646
215 169 0.64881945
215 335 0.85945886
215 374 0.94040185
215 439 0.7772044
216 30 0.6191011
216 38 0.25764582
216 107 0.3640593
216 120 0.634225
216 474 0.774809
216 386 0.6784527
216 307 0.48331937
216 325 0.66810095
217 42 0.79670805
217 43 0.93364215
217 61 0.63646823
217 201 0.43190083
217 371 0.0944126
217 328 0.6458381
217 365 0.7251982
218 35 0.85913986
218 36 0.14172843
218 100 0.080574825
218 181 0.87633276
218 227 0.8637999
218 286 0.7557385
218 252 0.2863107
218 285 0.06271188
219 10 0.57997686
219 106 0.16757925
219 180 0.9095561
219 384 0.30110863
219 232 0.4300199
219 341 0.74352926
219 306 0.6419703
219 434 0.66335076
220 202 0.65190166
220 437 0.87635267
220 380 0.48039445
220 387 0.6550636
221 33 0.7038373
221 76 0.80920875
221 137 0.7819468
221 192 0.16774294
221 349 0.18151589
221 481 0.27093658
221 314 0.008324061
221 319 0.49308342
221 360 0.5588211
221 389 0.19536562
221 399 0.64316833
221 490 0.22057809
221 493 0.37618408
222 47 0.8181356
222 385 0.74695385
222 371 0.122550435
223 53 0.66892695
223 74 0.79703337
223 97 0.20793188
223 152 0.40470415
223 197 0.81086147
223 266 0.5536604
223 224 0.23765
223 238 0.88751614
223 323 0.8751041
223 353 0.14654616
223 441 0.1511508
223 499 0.11143867
223 267 0.808274
223 276 0.5997881
224 66 0.037952475
224 78 0.24561955
224 97 0.051297612
224 131 0.7900374
224 152 0.86075467
224 197 0.19789341
224 223 0.49997753
224 238 0.6036823
224 323 0.59638566
224 353 0.023750756
224 441 0.47048822
224 499 0.70935977
224 235 0.15141879
224 271 0.6369381
224 358 0.28642297
225 39 0.5904292
225 41 0.8109084
225 102 0.8029341
225 131 0.26762217
225 277 0.11554529
225 400 0.43844053
225 455 0.8475132
225 361 0.5933371
225 235 0.71200675
226 44 0.50712067
226 62 0.67035204
226 275 0.28818595
226 463 0.72936183
226 246 0.04538877
226 301 0.39921123
226 403 0.74578273
226 453 0.8822189
226 478 0.36339158
226 486 0.034708887
226 496 0.3191491
226 369 0.94759727
227 13 0.65716964
227 36 0.19380388
227 59 0.7783342
227 77 0.9230219
227 124 0.51061994
227 179 0.88470054
227 218 0.075238
227 359 0.5487481
227 467 0.3108141
227 491 0.8967486
227 286 0.483836
228 145 0.35112765
228 250 0.9382186
228 308 0.6670419
228 342 0.4354719
228 245 0.18735096
228 261 0.9109208
228 346 0.24100544
229 17 0.7314519
229 111 0.47659186
229 157 0.4923414
229 159 0.23317519
229 188 0.6678112
229 347 0.0026650939
229 446 0.73541945
230 9 0.8634923
230 27 0.34972656
230 145 0.88723606
230 199 0.58668524
230 250 0.8682038
230 245 0.1497331
230 261 0.79857326
230 346 0.5590805
230 258 0.36429155
230 289 0.9366106
230 337 0.23771995
231 67 0.32283404
231 92 0.54072726
231 187 0.057899542
231 212 0.12161804
231 279 0.7349835
231 352 0.6358404
231 383 0.64440614
231 407 0.20099129
231 317 0.7482671
232 4 0.5782277
232 10 0.76296425
232 69 0.3986614
232 106 0.045345016
232 180 0.28381443
232 219 0.19463983
232 384 0.086804755
232 492 0.16108596
232 309 0.9494445
232 306 0.43279967
232 434 0.941256
233 22 0.27716607
233 153 0.43925986
233 154 0.52462983
233 170 0.4740039
233 212 0.116893075
233 214 0.14955112
233 395 0.8953758
233 397 0.92911047
233 299 0.85636437
233 428 0.9110484
233 279 0.00527716
233 352 0.15730993
234 31 0.13251631
234 58 0.7782651
234 72 0.076009646
234 95 0.8117031
234 330 0.0026203038
234 247 0.90247786
234 248 0.027993921
234 436 0.37325227
234 488 0.21692193
234 268 0.23632607
235 41 0.64451784
235 66 0.90886945
235 78 0.022141142
235 102 0.5696099
235 131 0.5480926
235 152 0.32866362
235 197 0.21810628
235 224 0.8976052
235 225 0.69207484
235 277 0.6489774
235 400 0.11793727
235 238 0.017328458
235 323 0.44093674
235 353 0.372046
235 361 0.22762875
235 271 0.049385864
235 358 0.006216906
236 48 0.37977678
236 174 0.4431391
236 313 0.027787276
236 468 0.3494199
236 294 0.056513038
236 390 0.6837085
236 497 0.29469872
236 270 0.5396597
237 98 0.59484786
237 133 0.38562036
237 451 0.037074216
237 458 0.6031244
238 66 0.14136013
238 78 0.7955916
238 97 0.79327
238 131 0.9096094
238 152 0.73979735
238 197 0.3283744
238 223 0.8154854
238 224 0.30988938
238 235 0.6662624
238 323 0.828775
238 353 0.41625997
238 441 0.016469972
238 499 0.009994103
238 271 0.29349807
238 358 0.91015285
239 75 0.5644193
239 209 0.79640496
239 274 0.6918285
240 54 0.11520855
240 155 0.789197
240 251 0.11431281
240 254 0.6154375
241 177 0.015752586
241 178 0.7463308
241 380 0.6124178
241 387 0.80112916
241 310 0.4513386
241 469 0.047918282
241 312 0.77784777
242 69 0.8311965
242 125 0.88743764
242 213 0.6814282
242 363 0.59184104
242 429 0.39293268
242 281 0.6694623
242 375 0.067974634
242 457 0.123407215
242 470 0.24608707
242 253 0.18996173
243 12 0.31166282
243 55 0.6927761
243 79 0.9142647
243 141 0.24846621
243 439 0.2118224
243 250 0.3551582
243 308 0.45953372
243 342 0.80879015
244 16 0.26343775
244 34 0.2805729
244 65 0.17784901
244 105 0.15411
244 158 0.5412295
244 162 0.5292489
244 168 0.85503095
244 175 0.09575165
244 202 0.011885363
244 354 0.3459087
244 377 0.02448569
244 368 0.5435803
244 483 0.72730935
245 145 0.41194314
245 228 0.04419617
245 230 0.3136782
245 250 0.73726344
245 308 0.53735894
245 442 0.49456674
245 261 0.58547837
245 346 0.7684845
245 420 0.013515654
245 484 0.16058749
245 337 0.38952196
246 44 0.19639891
246 62 0.8094871
246 226 0.7778675
246 420 0.026099753
246 484 0.57090974
246 253 0.7633734
246 275 0.69486535
246 463 0.18275534
246 301 0.027247488
246 403 0.69147813
246 453 0.21879251
246 478 0.8559991
246 486 0.16969484
246 496 0.6931642
247 58 0.43400934
247 72 0.16985768
247 80 0.080589645
247 150 0.050345406
247 193 0.13629226
247 234 0.50356805
247 265 0.32553515
247 445 0.8946793
247 473 0.39808688
247 330 0.61963177
247 248 0.4917488
247 311 0.6482281
247 416 0.82622266
247 436 0.47448567
247 488 0.41458368
248 5 0.6296442
248 58 0.57047373
248 72 0.6865397
248 193 0.7418232
248 234 0.24160579
248 247 0.030406049
248 265 0.06234848
248 330 0.25407627
248 311 0.73158586
248 416 0.9368072
248 436 0.018875692
248 488 0.28400746
248 254 0.9166741
248 260 0.94568497
248 268 0.33983114
248 282 0.5193023
249 23 0.38558912
249 68 0.8468792
249 320 0.43042263
249 421 0.9255773
249 257 0.44993946
249 312 0.3886275
249 461 0.1337993
250 12 0.43702754
250 55 0.7924278
250 141 0.33381844
250 145 0.11560174
250 199 0.57526976
250 228 0.027305195
250 230 0.88957405
250 243 0.42045382
250 245 0.15902369
250 308 0.35645857
250 342 0.38812765
250 261 0.601229
250 346 0.60689324
251 155 0.818534
251 164 0.6640517
251 240 0.04372988
251 405 0.1128166
252 35 0.72242105
252 181 0.76082265
252 218 0.27446023
252 491 0.09577578
252 286 0.32195824
252 290 0.82159567
253 44 0.22922567
253 62 0.41694602
253 91 0.73826027
253 242 0.789636
253 246 0.4162453
253 375 0.37663785
253 470 0.8407395
253 322 0.6274567
253 486 0.25678095
253 496 0.9484373
254 5 0.2039418
254 54 0.28899974
254 155 0.11257792
254 240 0.20834604
254 248 0.4322126
254 311 0.5364127
254 416 0.36808196
254 436 0.12988167
254 488 0.63853854
254 260 0.57535136
254 268 0.21640666
254 282 0.6050025
255 63 0.4696021
255 123 0.54640174
255 130 0.49177837
255 140 0.27926078
255 208 0.8944576
255 332 0.25006226
255 355 0.27822655
255 278 0.55237263
255 370 0.564968
255 314 0.61632884
255 319 0.84812707
255 399 0.8994318
255 490 0.12894742
255 52 0.6246218
256 57 0.38987115
256 90 0.6483177
256 97 0.89139044
256 131 0.4672624
256 152 0.19366044
256 207 0.06912904
256 277 0.6786334
256 455 0.15048149
256 323 0.32225692
256 353 0.6405533
257 23 0.8538669
257 68 0.017784592
257 200 0.08110132
257 203 0.12314699
257 249 0.11724759
257 320 0.8275996
257 421 0.683118
257 312 0.33185276
257 350 0.88455576
257 461 0.8355693
257 489 0.19423266
257 327 0.693151
257 473 0.8646091
258 9 0.073533565
258 27 0.8838648
258 70 0.76865774
258 199 0.78040063
258 230 0.8787607
258 261 0.92473555
258 346 0.12428535
258 269 0.59442014
258 289 0.03763434
259 3 0.94144547
259 119 0.4734432
259 142 0.57477784
259 166 0.40976357
259 460 0.5179749
259 274 0.85509235
259 475 0.7930727
259 391 0.86275214
259 288 0.8445876
259 315 0.4366358
260 5 0.87469566
260 31 0.2933125
260 58 0.2983941
260 72 0.28360683
260 248 0.81403327
260 254 0.6151825
260 311 0.69170207
260 416 0.28991103
260 436 0.7284011
260 488 0.41335946
260 268 0.6684301
260 282 0.4496054
261 9 0.550054
261 27 0.46254718
261 145 0.6275273
261 199 0.68963253
261 228 0.6451806
261 230 0.16514999
261 245 0.041589063
261 250 0.89433604
261 258 0.28978893
261 308 0.7459454
261 346 0.78196985
261 289 0.2938983
261 337 0.7653274
262 50 0.83983475
262 113 0.9143928
262 198 0.21681899
262 211 0.21077211
262 417 0.81165564
262 452 0.5140126
262 298 0.3864851
263 19 0.8661956
263 106 0.68016696
263 341 0.37764764
264 29 0.4518143
264 46 0.6440762
264 112 0.081778616
264 123 0.06637943
264 140 0.85555834
264 146 0.30320993
264 160 0.57488555
264 285 0.2093109
264 340 0.38474393
264 292 0.012579213
264 430 0.14806949
264 332 0.78516436
264 355 0.34206587
265 80 0.6802522
265 110 0.36975172
265 193 0.88562435
265 203 0.21586055
265 247 0.9182049
265 248 0.6890405
265 350 0.6539938
265 356 0.3910506
265 489 0.020473002
265 327 0.019545725
265 445 0.5828511
265 473 0.20983727
265 330 0.7963837
265 311 0.7957885
265 416 0.68152153
266 32 0.81163424
266 53 0.38684162
266 74 0.2782263
266 85 0.524996
266 223 0.7534559
266 336 0.7530052
266 499 0.36938238
266 267 0.44768262
266 276 0.4774473
266 409 0.71085197
266 411 0.07976365
267 32 0.33546096
267 115 0.7683101
267 182 0.42137787
267 223 0.6351178
267 266 0.68444633
267 441 0.15228745
267 499 0.4109346
267 276 0.12903531
267 329 0.68382764
267 409 0.17538346
267 411 0.019244723
268 5 0.3599397
268 31 0.79009026
268 58 0.83193624
268 72 0.66495425
268 234 0.24394274
268 248 0.08347046
268 254 0.12643838
268 260 0.5530811
268 416 0.38410175
268 436 0.63276154
268 488 0.6799532
268 282 0.93756723
269 27 0.5927613
269 70 0.60562444
269 199 0.43683186
269 258 0.5685208
269 287 0.7398004
269 398 0.623412
270 174 0.13151309
270 236 0.055307735
270 313 0.60011375
270 468 0.12970656
270 497 0.6813259
271 66 0.28019878
271 78 0.22780934
271 131 0.20742588
271 152 0.5914222
271 197 0.6310524
271 224 0.5526362
271 235 0.31627217
271 238 0.453658
271 323 0.90140665
271 353 0.1002693
271 358 0.7545645
271 498 0.37988603
272 37 0.22293662
272 85 0.095706224
272 107 0.79042107
272 120 0.71623236
272 126 0.49268416
272 386 0.8103306
272 412 0.039504047
272 476 0.9327505
272 494 0.4182371
272 280 0.8279157
272 336 0.63948464
273 122 0.75060403
273 205 0.84707385
273 303 0.6309013
274 3 0.43088752
274 119 0.20810777
274 209 0.63678104
274 239 0.0035651736
274 259 0.53915733
274 475 0.24708307
274 391 0.9244492
275 9 0.8216088
275 44 0.78185046
275 226 0.38038865
275 246 0.8845591
275 346 0.8423915
275 420 0.68854296
275 484 0.77348197
275 289 0.7038589
275 337 0.08264925
275 463 0.51557636
275 301 0.58665466
275 403 0.3821826
275 486 0.63747483
275 496 0.27671874
275 373 0.23784003
276 32 0.42857113
276 53 0.11091967
276 74 0.67399913
276 115 0.7646469
276 196 0.41853753
276 223 0.85415596
276 266 0.032134384
276 267 0.010534338
276 345 0.9463769
276 441 0.4175136
276 329 0.33048296
276 409 0.7580918
276 411 0.17567512
277 41 0.13869295
277 207 0.6517399
277 225 0.503626
277 235 0.2827853
277 256 0.03944621
277 400 0.46008262
277 455 0.41752687
277 361 0.8661608
278 63 0.60679394
278 123 0.8465678
278 130 0.3789113
278 140 0.55580974
278 208 0.6606896
278 255 0.35313547
278 332 0.42494866
278 370 0.3787907
278 314 0.38145468
278 319 0.40285745
278 360 0.65278095
278 399 0.8125547
278 490 0.64640206
278 52 0.3265328
279 93 0.511259
279 212 0.58413297
279 231 0.28779966
279 233 0.67453074
279 299 0.68353933
279 352 0.45620972
279 383 0.8372819
280 15 0.68740857
280 30 0.87510395
280 37 0.37834585
280 85 0.5232943
280 86 0.3023135
280 107 0.9012844
280 272 0.015114808
280 326 0.9129875
280 339 0.2896181
280 336 0.45734534
280 410 0.3677371
280 431 0.51646173
281 10 0.33188835
281 69 0.52531767
281 125 0.39958277
281 213 0.039201804
281 242 0.7859167
281 492 0.24122989
281 363 0.7063217
281 375 0.7323657
281 457 0.3321371
281 470 0.46446463
282 5 0.723382
282 31 0.8852759
282 58 0.74366623
282 72 0.42659935
282 248 0.88613564
282 254 0.8563484
282 260 0.75900424
282 268 0.53541815
282 416 0.9002872
282 436 0.63708997
282 488 0.65642923
283 115 0.80964506
283 189 0.6021729
283 329 0.0717979
283 401 0.7613924
284 54 0.15069431
284 164 0.9317948
284 184 0.14884973
284 200 0.19009082
284 203 0.8810859
284 321 0.15535012
284 443 0.1680926
284 405 0.92562056
284 418 0.10298181
285 35 0.07982283
285 46 0.51847494
285 112 0.2654749
285 146 0.078057185
285 160 0.45412135
285 181 0.64510256
285 218 0.18579721
285 264 0.7615546
285 340 0.9449088
285 292 0.36248255
285 430 0.90601027
286 13 0.87204003
286 36 0.70910674
286 77 0.94073236
286 100 0.22108133
286 124 0.170775
286 181 0.18913
286 218 0.58352417
286 227 0.2143942
286 252 0.57744455
286 324 0.24844646
286 359 0.619188
286 467 0.15992539
286 491 0.55213934
287 269 0.69534373
287 398 0.16344456
287 419 0.31615937
288 3 0.033885613
288 22 0.32160744
288 119 0.30448386
288 142 0.045807436
288 154 0.16272868
288 166 0.32501137
288 170 0.75597245
288 259 0.57090366
288 460 0.7395288
288 475 0.48296407
288 462 0.8284471
288 315 0.14205585
288 395 0.08001436
288 397 0.45508924
289 9 0.19649531
289 230 0.8436718
289 258 0.19457823
289 261 0.24273525
289 275 0.16660811
289 346 0.29881558
289 420 0.109425485
289 484 0.58040464
289 337 0.7139532
289 373 0.09686861
290 29 0.78073156
290 35 0.6901143
290 146 0.48103774
290 181 0.0016634702
290 252 0.698216
290 340 0.7012959
291 45 0.4352101
291 47 0.8119443
291 167 0.5415092
291 195 0.34271473
291 477 0.2266465
291 424 0.83772707
291 459 0.16364498
291 331 0.27747008
291 456 0.6415025
291 334 0.05157371
292 46 0.5371362
292 112 0.87331694
292 123 0.19241668
292 160 0.3055061
292 264 0.7469028
292 285 0.50713956
292 340 0.64231944
292 417 0.06222153
292 300 0.11129345
292 344 0.38015988
292 430 0.532479
293 28 0.62925005
293 82 0.2478153
293 87 0.6503966
293 129 0.12170373
293 147 0.3212082
293 161 0.6865808
293 176 0.57214427
293 472 0.16890989
293 432 0.65632236
293 444 0.008567076
294 48 0.13241117
294 174 0.31418464
294 236 0.48221597
294 390 0.5737162
294 497 0.72228557
294 393 0.56006384
295 81 0.73482704
295 84 0.07743077
295 99 0.9324603
295 118 0.52788985
295 127 0.3589044
295 134 0.15686253
295 173 0.79552686
295 427 0.5209949
295 449 0.87224674
296 25 0.23163335
296 26 0.2470179
296 67 0.21728067
296 92 0.37501544
296 109 0.02833469
296 148 0.4525615
296 201 0.35562766
296 383 0.54950297
296 317 0.9494493
297 4 0.26058015
297 10 0.06295877
297 106 0.43098015
297 384 0.6779019
297 485 0.15450847
297 492 0.38311252
297 309 0.21383123
298 113 0.18934543
298 211 0.908365
298 262 0.73586196
298 417 0.8754781
298 344 0.92194813
298 343 0.67454994
299 22 0.11070813
299 153 0.25053456
299 154 0.48339012
299 170 0.466868
299 233 0.16312063
299 279 0.2429159
299 395 0.5844574
299 397 0.9125941
299 428 0.34445432
299 352 0.4868936
300 112 0.06057254
300 292 0.92845136
300 435 0.18753825
300 417 0.49962068
300 344 0.11114195
300 430 0.37690815
301 44 0.8278802
301 62 0.41155693
301 226 0.23208885
301 246 0.5891012
301 275 0.11957174
301 420 0.112238556
301 463 0.79276466
301 403 0.3664466
301 453 0.07664514
301 478 0.2811759
301 486 0.7298139
301 496 0.036735274
302 71 0.35924122
302 156 0.31328133
302 169 0.048602913
302 188 0.57718885
302 379 0.05311929
302 422 0.8532578
302 342 0.2114369
303 117 0.23017655
303 122 0.46596304
303 273 0.18138637
303 440 0.4668902
303 500 0.12883042
304 6 0.51991415
304 11 0.103846446
304 56 0.19925945
304 60 0.21408503
304 135 0.7004753
304 163 0.61393845
304 172 0.092813134
304 182 0.27511847
304 191 0.34665656
304 357 0.50293934
304 367 0.58243227
304 406 0.033573527
304 448 0.9201504
304 480 0.23923397
304 447 0.69657063
305 2 0.19783653
305 64 0.25429493
305 114 0.09690177
305 117 0.098785885
305 210 0.52473384
305 440 0.85412955
305 392 0.8018446
306 125 0.33614552
306 139 0.3949137
306 142 0.45033526
306 180 0.87471014
306 219 0.6788382
306 232 0.53835416
306 470 0.7870587
306 434 0.37192538
306 454 0.54833114
307 20 0.4551282
307 38 0.21480256
307 183 0.899549
307 216 0.1752848
307 471 0.3232478
307 474 0.77074635
307 450 0.5048357
307 325 0.13642783
307 354 0.61586314
308 55 0.81016153
308 141 0.066585
308 145 0.09592499
308 228 0.6654913
308 243 0.5809324
308 245 0.5347675
308 250 0.75900865
308 261 0.07200282
308 342 0.32980645
308 346 0.73589706
309 4 0.28913853
309 10 0.3107998
309 106 0.9020897
309 232 0.5681123
309 297 0.51493853
309 384 0.556203
309 485 0.6004048
309 492 0.7992671
310 178 0.69723576
310 194 0.8391566
310 241 0.47801098
310 426 0.54362303
310 469 0.376996
310 372 0.8855532
311 5 0.627244
311 54 0.5813159
311 58 0.88679
311 193 0.39377698
311 247 0.6906641
311 248 0.4841965
311 254 0.309012
311 260 0.63499635
311 265 0.17513958
311 356 0.8141799
311 473 0.38867375
311 418 0.88289726
311 416 0.66094214
311 436 0.82311934
311 488 0.7177946
312 23 0.51646173
312 68 0.13200924
312 177 0.2767328
312 241 0.12601127
312 249 0.61209935
312 257 0.06570364
312 387 0.2605732
312 320 0.6961485
312 421 0.71175987
312 461 0.6698608
312 489 0.6204278
313 14 0.5981549
313 98 0.78094363
313 101 0.7586281
313 133 0.84820163
313 236 0.93906605
313 270 0.52997863
313 468 0.17170224
313 497 0.14886113
313 388 0.46167117
314 76 0.38366824
314 137 0.80869544
314 221 0.70815444
314 255 0.035716545
314 278 0.56026316
314 349 0.57105774
314 481 0.9283878
314 319 0.11624498
314 360 0.28038692
314 389 0.3972086
314 399 0.6923562
314 490 0.5255951
314 493 0.12622906
315 3 0.027725741
315 139 0.5939363
315 142 0.4109233
315 154 0.8741436
315 166 0.76055974
315 259 0.321996
315 288 0.3106065
315 454 0.13475862
315 460 0.6276888
315 475 0.724816
315 462 0.45016187
316 42 0.27093646
316 61 0.5251543
316 88 0.26401573
316 143 0.90328425
316 185 0.4921995
316 328 0.6095372
316 365 0.63994837
316 318 0.4383248
316 324 0.14470421
316 404 0.9087124
316 408 0.3892793
317 67 0.27759194
317 92 0.78444624
317 136 0.28075296
317 186 0.045930184
317 187 0.81853926
317 231 0.12966678
317 296 0.5874693
317 383 0.15794885
317 407 0.46825087
318 61 0.31174585
318 88 0.41139695
318 143 0.048143037
318 185 0.5228379
318 316 0.42593974
318 328 0.3004741
318 365 0.0468457
318 324 0.2278118
318 404 0.30651268
318 408 0.7730404
319 76 0.12570557
319 137 0.6584476
319 221 0.78766733
319 255 0.8392553
319 278 0.9013927
319 314 0.48346397
319 349 0.15999883
319 479 0.08480094
319 481 0.42002797
319 360 0.4067471
319 389 0.4405858
319 399 0.20945142
319 490 0.5543734
319 493 0.70828146
320 23 0.03765487
320 68 0.049730618
320 249 0.059806067
320 257 0.30086866
320 312 0.9400453
320 421 0.42004383
320 461 0.2692081
321 54 0.69292575
321 200 0.39169595
321 203 0.88927543
321 284 0.8558053
321 443 0.61127716
321 350 0.611022
321 356 0.6852901
321 461 0.44463712
321 405 0.18206875
321 418 0.7816805
322 62 0.8095573
322 91 0.35698453
322 171 0.6589811
322 253 0.7622296
322 375 0.5034969
322 470 0.25084376
322 454 0.53892714
322 381 0.531188
323 41 0.41320652
323 66 0.2521658
323 78 0.18788011
323 97 0.5773351
323 131 0.89220583
323 152 0.56582224
323 197 0.0522659
323 223 0.72194487
323 224 0.5922967
323 235 0.09698106
323 238 0.101785004
323 256 0.14580393
323 271 0.5923535
323 353 0.7864077
323 499 0.2843493
323 358 0.18505329
324 36 0.8730276
324 88 0.43436998
324 100 0.3761231
324 124 0.04787374
324 143 0.47403827
324 286 0.19466904
324 316 0.7075157
324 318 0.40280032
324 404 0.34730816
324 408 0.23556401
324 359 0.8438541
324 467 0.1665629
325 16 0.48191428
325 30 0.16516212
325 38 0.8572189
325 216 0.14414625
325 307 0.92945665
325 474 0.92299634
325 450 0.17224927
325 386 0.15635182
326 15 0.8257301
326 16 0.9354079
326 30 0.56365734
326 34 0.8162034
326 86 0.49864602
326 175 0.4767618
326 280 0.86671275
326 339 0.8848459
326 368 0.36797494
326 483 0.64345616
326 410 0.7471855
326 415 0.32924026
326 431 0.7226973
326 438 0.085271716
327 80 0.86006886
327 104 0.4017226
327 110 0.7911
327 193 0.16819765
327 257 0.6429996
327 265 0.5460436
327 350 0.23275328
327 356 0.43603933
327 461 0.17203397
327 489 0.62332475
327 445 0.9408198
327 473 0.047103014
328 42 0.5069239
328 43 0.8330397
328 61 0.42334166
328 88 0.8124625
328 109 0.5984495
328 185 0.44768125
328 201 0.004480321
328 217 0.06757156
328 316 0.104649775
328 318 0.6262821
328 365 0.7372618
328 408 0.44919008
329 32 0.21131171
329 115 0.22316366
329 189 0.2782976
329 196 0.7493529
329 267 0.7119272
329 276 0.15358321
329 283 0.45531
329 345 0.87664163
329 423 0.62859136
329 438 0.726189
329 409 0.50089425
329 411 0.9143622
329 401 0.8505907
330 58 0.2693002
330 80 0.45272037
330 104 0.33932826
330 110 0.5839881
330 150 0.6617028
330 193 0.38522014
330 234 0.37653694
330 247 0.26911092
330 248 0.89410067
330 265 0.558642
330 452 0.29649767
331 49 0.40099254
331 179 0.5365301
331 291 0.7099627
331 459 0.71791685
331 456 0.69638497
331 334 0.01965189
332 29 0.28303957
332 63 0.37742373
332 123 0.9144203
332 130 0.2833551
332 140 0.68366045
332 208 0.24411261
332 255 0.24950743
332 264 0.32435605
332 278 0.8517848
332 355 0.325636
332 370 0.28733286
333 20 0.6553963
333 91 0.72656095
333 171 0.21400772
333 183 0.21388029
333 453 0.5636802
333 478 0.22550957
333 381 0.64084196
333 471 0.40198925
333 450 0.50523347
334 49 0.47966924
334 291 0.41667372
334 331 0.60897857
334 456 0.14750291
334 466 0.10413091
335 71 0.6669809
335 156 0.6618137
335 169 0.3055349
335 215 0.8142223
335 374 0.6968617
335 439 0.63809305
335 422 0.27546665
336 37 0.6409723
336 74 0.38974774
336 85 0.36502233
336 107 0.31252918
336 266 0.8215142
336 272 0.9257092
336 280 0.44317347
337 9 0.47029126
337 145 0.60857856
337 230 0.45726353
337 245 0.049212027
337 261 0.002921048
337 275 0.2116766
337 289 0.19795477
337 346 0.3353287
337 420 0.69598496
337 484 0.3747217
337 403 0.628112
337 373 0.8584827
338 83 0.6918995
338 132 0.9010168
338 149 0.87645733
338 176 0.7649465
338 205 0.43634808
338 433 0.7576019
338 472 0.31461236
338 394 0.7591675
338 495 0.26623267
338 413 0.73332375
339 15 0.7545164
339 16 0.21624151
339 30 0.022967579
339 34 0.30829215
339 86 0.03664032
339 107 0.66324854
339 175 0.29979727
339 280 0.2675249
339 326 0.68998253
339 368 0.08942599
339 483 0.695372
339 431 0.6907988
340 29 0.14932539
340 35 0.8385958
340 46 0.7896593
340 146 0.15726244
340 160 0.28869578
340 181 0.1513198
340 264 0.120633386
340 285 0.6620514
340 290 0.5190654
340 292 0.5421668
340 430 0.20297283
340 355 0.082160555
341 19 0.8702535
341 219 0.16357835
341 263 0.18308073
342 12 0.39058253
342 55 0.18603565
342 141 0.3595
342 169 0.56616956
342 228 0.83912146
342 243 0.35246876
342 250 0.040177632
342 302 0.46844068
342 308 0.8256088
342 439 0.9147331
342 379 0.7020769
342 422 0.6638888
343 123 0.38408175
343 298 0.8720009
343 417 0.56867117
343 344 0.12719837
343 52 0.8278483
344 112 0.039676342
344 123 0.3721064
344 292 0.09335464
344 298 0.16392891
344 300 0.08994973
344 343 0.8673417
344 417 0.0355151
344 430 0.01819962
344 52 0.7142897
345 32 0.20829275
345 86 0.43379635
345 115 0.8600624
345 116 0.7680847
345 189 0.54838324
345 196 0.3633263
345 276 0.076297276
345 329 0.5912689
345 362 0.5784541
345 410 0.10527572
345 415 0.51594293
345 423 0.116187766
345 431 0.2102963
345 438 0.4045116
345 411 0.435238
346 9 0.6053082
346 27 0.88002974
346 145 0.83628386
346 199 0.39119974
346 228 0.467035
346 230 0.79958695
346 245 0.32077542
346 250 0.45815027
346 258 0.57066864
346 261 0.77475923
346 275 0.83988595
346 289 0.5022783
346 308 0.8575902
346 337 0.8187238
346 484 0.9438494
347 17 0.31252423
347 111 0.46847695
347 157 0.3410394
347 159 0.7963432
347 213 0.59504277
347 229 0.048490208
347 485 0.48327094
347 446 0.78277856
347 363 0.35568422
347 429 0.8432465
348 21 0.06214946
348 105 0.72766215
348 151 0.50463265
348 158 0.22139508
348 162 0.5140353
348 428 0.16146334
348 377 0.43852463
349 76 0.8329304
349 137 0.6841513
349 221 0.6512364
349 314 0.28577226
349 319 0.24044134
349 479 0.016976431
349 481 0.52289265
349 399 0.17307171
349 490 0.0029416685
349 351 0.8821408
349 402 0.7787555
349 493 0.34835958
350 200 0.17187214
350 203 0.20516244
350 257 0.25878903
350 265 0.8428797
350 321 0.33633098
350 327 0.028382262
350 356 0.8587772
350 461 0.12125912
350 489 0.62489086
350 445 0.21670642
350 473 0.29752794
350 418 0.18562102
351 137 0.83575195
351 349 0.78601915
351 479 0.26218793
351 481 0.4535012
351 366 0.2971313
351 402 0.07025254
351 482 0.27002653
351 128 0.23113285
351 493 0.048172355
352 153 0.006392467
352 170 0.42048633
352 212 0.28688142
352 231 0.06446449
352 233 0.086030185
352 279 0.8163745
352 299 0.22179024
352 395 0.8876221
352 428 0.3022992
353 66 0.033492833
353 78 0.71242934
353 97 0.7089395
353 131 0.80024177
353 152 0.39394826
353 197 0.058415666
353 223 0.8622275
353 224 0.67280394
353 235 0.6458529
353 238 0.092217155
353 256 0.21456793
353 271 0.94031894
353 323 0.298597
353 441 0.36487353
353 499 0.21771324
353 358 0.4815645
354 16 0.63690877
354 105 0.24450958
354 162 0.8101623
354 175 0.21639259
354 244 0.03658531
354 307 0.10213025
354 377 0.517041
354 368 0.6355661
354 483 0.56015956
355 29 0.8203654
355 46 0.8529353
355 63 0.2359012
355 123 0.6984777
355 130 0.014120192
355 140 0.4425905
355 146 0.39321047
355 160 0.26734954
355 208 0.7168275
355 255 0.12239028
355 264 0.4743547
355 332 0.077962585
355 340 0.15409978
355 370 0.5093994
356 54 0.9451119
356 200 0.8591756
356 203 0.2786897
356 265 0.5656773
356 311 0.76511264
356 321 0.86677825
356 327 0.53869367
356 350 0.17105828
356 461 0.66254824
356 489 0.22455296
356 445 0.7199573
356 473 0.5626948
356 418 0.008965899
357 6 0.19172475
357 8 0.27030137
357 56 0.29047525
357 60 0.64620596
357 135 0.89612174
357 163 0.6213424
357 172 0.2884156
357 182 0.7852728
357 304 0.823664
357 498 0.6435937
357 367 0.1652568
357 406 0.274126
357 448 0.7606948
358 8 0.2761553
358 66 0.86955756
358 78 0.675556
358 131 0.09470602
358 152 0.4543616
358 197 0.7207917
358 224 0.61967504
358 235 0.72262824
358 238 0.09772576
358 271 0.15644878
358 323 0.6710406
358 353 0.80532455
358 498 0.31195652
359 49 0.8966671
359 59 0.16266051
359 77 0.7762048
359 124 0.59586
359 179 0.8095109
359 227 0.7346656
359 286 0.24931236
359 324 0.34362715
359 404 0.8857173
359 467 0.47535995
359 491 0.030119592
360 33 0.78302926
360 76 0.89344704
360 130 0.18717663
360 192 0.23413809
360 221 0.87944144
360 278 0.25728965
360 314 0.6993831
360 319 0.32555297
360 389 0.14817125
360 399 0.4160486
360 490 0.5900425
361 39 0.45083216
361 41 0.6697408
361 102 0.036920577
361 225 0.7551538
361 235 0.20732246
361 277 0.9314062
361 400 0.47490704
361 455 0.8020223
362 15 0.4791689
362 86 0.57531494
362 116 0.037566528
362 189 0.72197664
362 196 0.2880081
362 345 0.5668363
362 410 0.85591424
362 415 0.6879723
362 423 0.6342685
362 431 0.07148696
362 438 0.734215
363 69 0.5982343
363 125 0.45144147
363 157 0.2330953
363 159 0.45818114
363 213 0.90304726
363 242 0.28538126
363 281 0.67415315
363 347 0.2998323
363 492 0.7307939
363 446 0.25883222
363 429 0.23557743
363 375 0.38602307
363 457 0.21578981
363 470 0.17501862
364 73 0.08477288
364 75 0.730261
364 121 0.9273457
364 396 0.15829259
365 42 0.0793352
365 43 0.87089074
365 61 0.15671478
365 88 0.9341003
365 109 0.08794647
365 185 0.3737116
365 201 0.47534743
365 217 0.22466515
365 316 0.49078557
365 318 0.108789176
365 328 0.057289146
365 408 0.5016853
366 95 0.6216347
366 96 0.16233808
366 351 0.2899992
366 402 0.71260643
366 482 0.18706463
366 128 0.18086478
367 6 0.30593622
367 8 0.16228212
367 56 0.3618336
367 60 0.3890506
367 135 0.5869303
367 163 0.48826873
367 172 0.07562989
367 182 0.18855396
367 304 0.5165814
367 357 0.25101578
367 498 0.40013722
367 406 0.31686652
367 448 0.7389935
368 15 0.7678171
368 16 0.19385077
368 34 0.4590585
368 86 0.26058546
368 168 0.20607506
368 175 0.6991433
368 202 0.925609
368 244 0.1821997
368 326 0.09288871
368 339 0.85751665
368 354 0.83566743
368 377 0.6550903
368 483 0.4629153
368 431 0.2515508
369 226 0.46698716
369 463 0.1798904
369 453 0.3388526
369 478 0.7457547
369 474 0.75727177
370 63 0.6878904
370 130 0.5890467
370 140 0.18890882
370 208 0.5180295
370 255 0.72398204
370 278 0.066855565
370 332 0.0944701
370 355 0.28989965
371 28 0.027224768
371 43 0.04177152
371 93 0.007374394
371 204 0.3344259
371 217 0.43647882
371 222 0.59925705
371 385 0.3744408
372 50 0.36313507
372 113 0.31252217
372 178 0.21210106
372 211 0.5684959
372 310 0.89354086
373 9 0.9271286
373 275 0.78703535
373 289 0.945534
373 337 0.88074136
374 71 0.07881862
374 156 0.8256062
374 169 0.05320084
374 215 0.12608226
374 335 0.8835894
374 439 0.4160818
375 69 0.3635573
375 125 0.28738013
375 242 0.3816797
375 253 0.6483313
375 281 0.48302507
375 322 0.5841129
375 363 0.7874818
375 457 0.20057015
375 470 0.75709057
376 150 0.3291405
376 198 0.4188346
376 465 0.4677682
376 128 0.14854442
377 16 0.7764951
377 105 0.37613484
377 162 0.5562995
377 175 0.74904114
377 244 0.41571853
377 348 0.72083455
377 354 0.8557741
377 368 0.55613035
377 483 0.14754328
378 14 0.5053722
378 101 0.3752683
378 133 0.6023318
378 190 0.74227804
378 451 0.84142137
378 388 0.24909078
379 111 0.7161026
379 169 0.83080244
379 188 0.23036422
379 302 0.94235104
379 342 0.42782608
379 422 0.3515938
380 177 0.4663537
380 186 0.5584706
380 194 0.8743937
380 220 0.09704096
380 241 0.6768274
380 437 0.26622102
380 426 0.1314737
380 469 0.49341106
381 20 0.78316313
381 62 0.12848108
381 91 0.6508634
381 151 0.24922694
381 171 0.45843345
381 183 0.47767708
381 322 0.83176196
381 333 0.2996677
381 453 0.826029
381 471 0.03726606
381 450 0.90751827
382 53 0.6761011
382 74 0.42396313
382 90 0.69877875
382 97 0.17601669
382 499 0.1850836
383 67 0.83793396
383 92 0.33546898
383 187 0.5716221
383 212 0.5673407
383 231 0.7806268
383 279 0.56373423
383 296 0.05334899
383 317 0.100368895
383 407 0.39312458
384 4 0.83497924
384 10 0.9221864
384 69 0.7933932
384 106 0.13867928
384 180 0.1839127
384 219 0.42011124
384 232 0.30150604
384 297 0.20885557
384 309 0.27052066
384 485 0.7446052
384 492 0.41125816
385 28 0.3129532
385 47 0.84341645
385 87 0.11720689
385 129 0.91566217
385 222 0.06972402
385 371 0.17737877
385 432 0.48719877
385 444 0.66700864
385 424 0.12735398
386 38 0.27871296
386 107 0.4890012
386 120 0.33497193
386 126 0.7387612
386 138 0.5786886
386 216 0.5647995
386 272 0.090167284
386 325 0.51608455
386 412 0.8988184
386 476 0.7191653
387 23 0.023894789
387 68 0.9480902
387 177 0.4652689
387 220 0.6042574
387 241 0.003941944
387 312 0.4453647
387 421 0.35669518
388 14 0.20555906
388 101 0.56095606
388 133 0.62978697
388 190 0.13120942
388 313 0.55079764
388 378 0.35752812
389 33 0.650484
389 76 0.92798185
389 130 0.7264471
389 192 0.5640562
389 206 0.7827644
389 221 0.15977037
389 314 0.35477152
389 319 0.20220637
389 360 0.92331606
389 490 0.486429
390 48 0.21042359
390 174 0.35614225
390 236 0.38281253
390 294 0.3080051
390 468 0.07618631
390 497 0.89608574
390 393 0.7198954
391 3 0.11132276
391 82 0.17120898
391 119 0.68952537
391 214 0.030014083
391 259 0.40746614
391 274 0.5717722
391 475 0.27500358
392 64 0.68212444
392 114 0.29632962
392 210 0.009586339
392 305 0.13551618
392 440 0.51053935
393 48 0.49679178
393 94 0.41222316
393 294 0.6622545
393 390 0.7264608
393 480 0.031515863
393 487 0.07141398
394 7 0.9353498
394 51 0.43682924
394 132 0.39247054
394 205 0.10012706
394 338 0.9009391
394 495 0.9087014
394 425 0.5356674
394 500 0.23112899
394 414 0.7189618
395 22 0.12473292
395 153 0.5798662
395 154 0.34507462
395 166 0.013206072
395 170 0.93630815
395 233 0.46345595
395 288 0.7114832
395 299 0.12375782
395 352 0.050967272
395 397 0.032673106
395 428 0.5819471
396 40 0.06157135
396 73 0.70608896
396 75 0.7113378
396 121 0.8267704
396 165 0.4198911
396 209 0.23453853
396 364 0.7446157
397 3 0.92595726
397 22 0.78953016
397 119 0.8718976
397 153 0.59772277
397 154 0.48649785
397 166 0.88309044
397 170 0.4320789
397 214 0.48401558
397 233 0.76495147
397 288 0.30690426
397 299 0.10527344
397 395 0.69422895
397 475 0.2700534
398 103 0.73456395
398 269 0.6456297
398 287 0.88595915
398 419 0.6904677
399 130 0.32120845
399 137 0.49596918
399 221 0.67284733
399 255 0.32235327
399 278 0.72297275
399 314 0.83953595
399 319 0.8991322
399 349 0.05439968
399 360 0.4232536
399 479 0.6089499
399 481 0.26057377
399 490 0.54390293
399 52 0.77350235
400 39 0.050771043
400 41 0.544669
400 102 0.28982016
400 225 0.42867532
400 235 0.46835443
400 277 0.6521364
400 361 0.20881626
400 455 0.74322146
401 32 0.38556036
401 115 0.3957874
401 196 0.06932922
401 283 0.19709234
401 329 0.25374505
401 423 0.89271873
401 409 0.6780104
401 411 0.71377087
402 137 0.18037425
402 349 0.09412207
402 351 0.535211
402 366 0.82828206
402 479 0.44242907
402 481 0.8294139
402 128 0.8257968
402 493 0.19105037
403 44 0.9159421
403 62 0.8363401
403 226 0.0616412
403 246 0.31649435
403 275 0.3841022
403 301 0.6197555
403 337 0.8259665
403 420 0.12185791
403 463 0.0727051
403 453 0.039013084
403 478 0.85476935
403 486 0.9156061
403 496 0.45943597
404 88 0.33384717
404 124 0.6250736
404 143 0.71696186
404 316 0.6361718
404 318 0.26478285
404 324 0.7679428
404 359 0.6516854
404 408 0.43974042
405 155 0.31137002
405 164 0.11794869
405 184 0.14860153
405 251 0.5330477
405 284 0.93124384
405 321 0.5241723
405 443 0.63422596
405 418 0.8739708
406 6 0.31530276
406 11 0.37141922
406 56 0.74722534
406 60 0.030112946
406 135 0.39075968
406 163 0.49808413
406 172 0.9298362
406 182 0.25875533
406 304 0.21977293
406 357 0.12536018
406 367 0.31353557
406 448 0.3943749
406 480 0.4430086
407 1 0.77494824
407 65 0.4207318
407 67 0.14930397
407 136 0.42270783
407 158 0.837136
407 186 0.94456464
407 187 0.45653164
407 231 0.72646785
407 317 0.32423586
407 383 0.77983075
407 437 0.77033937
408 61 0.86160713
408 88 0.43539912
408 143 0.40942985
408 185 0.8128987
408 316 0.05939908
408 318 0.22800922
408 324 0.1422403
408 328 0.15354788
408 365 0.5612893
408 404 0.918225
409 32 0.3124598
409 115 0.73315126
409 182 0.42041352
409 196 0.59046286
409 266 0.106611095
409 267 0.29069376
409 276 0.016887238
409 329 0.1907631
409 401 0.36245853
409 441 0.916775
409 411 0.6671541
410 15 0.87745917
410 86 0.22245914
410 116 0.87937576
410 189 0.6916264
410 196 0.31123778
410 280 0.8274605
410 326 0.88188833
410 345 0.76947784
410 362 0.14773822
410 415 0.14087316
410 423 0.30508128
410 431 0.84958076
410 438 0.08622631
410 411 0.64514834
411 32 0.44473547
411 115 0.5682791
411 189 0.2772471
411 196 0.31568506
411 266 0.8461281
411 267 0.9291817
411 276 0.72271127
411 329 0.19700418
411 345 0.44294
411 401 0.90538746
411 409 0.5994069
411 410 0.3983551
411 415 0.16318025
411 423 0.15952888
411 438 0.19629492
412 37 0.8189055
412 84 0.80936176
412 118 0.27992794
412 120 0.7855641
412 126 0.5449761
412 138 0.56840396
412 272 0.35586265
412 386 0.7225233
412 427 0.022662634
412 476 0.14389561
412 494 0.034093294
413 83 0.14883576
413 121 0.46285802
413 338 0.719965
413 433 0.24215138
413 472 0.5040388
414 45 0.7563862
414 51 0.5328216
414 108 0.39710686
414 167 0.65148175
414 195 0.04264714
414 394 0.53223014
414 425 0.04659307
414 477 0.7460015
414 424 0.08186956
415 15 0.3218014
415 86 0.91478235
415 116 0.6887804
415 189 0.7962013
415 196 0.9287223
415 326 0.84631073
415 345 0.54330885
415 362 0.4252991
415 410 0.5141833
415 411 0.19919334
415 423 0.20070778
415 431 0.29028204
415 438 0.5493192
416 5 0.10770751
416 31 0.3348988
416 54 0.43449366
416 58 0.8371981
416 72 0.33693287
416 247 0.83778185
416 248 0.24833368
416 254 0.9177004
416 260 0.15358193
416 265 0.030494757
416 268 0.22055228
416 282 0.21962413
416 311 0.8372633
416 436 0.85095143
416 488 0.5554712
417 112 0.33452713
417 123 0.63542515
417 262 0.76224774
417 292 0.65321034
417 298 0.31172597
417 300 0.8104209
417 343 0.5944913
417 344 0.78648746
417 52 0.65143937
418 54 0.31474778
418 155 0.8413919
418 200 0.5129102
418 203 0.8603432
418 284 0.49837688
418 311 0.5950882
418 321 0.8552044
418 350 0.65663004
418 356 0.057957724
418 405 0.2468124
418 443 0.07048778
419 99 0.49448878
419 103 0.14580224
419 118 0.49595013
419 127 0.6201711
419 287 0.26931855
419 398 0.5365203
420 44 0.65129244
420 145 0.4798881
420 245 0.60500383
420 246 0.32664493
420 275 0.77721345
420 289 0.43151513
420 301 0.014119859
420 337 0.372392
420 403 0.2371122
420 442 0.50105214
420 484 0.17313917
420 486 0.7043886
420 496 0.7537459
421 23 0.024217837
421 68 0.71065044
421 249 0.6930176
421 257 0.047152426
421 312 0.68859637
421 320 0.48295712
421 387 0.7448967
421 461 0.7596148
422 71 0.28751168
422 156 0.79667366
422 169 0.09286109
422 188 0.09677624
422 302 0.1639576
422 335 0.7224212
422 342 0.49749136
422 379 0.6859803
422 439 0.25903234
423 15 0.38383698
423 32 0.85352176
423 86 0.5650743
423 115 0.47939256
423 116 0.72201526
423 189 0.050301
423 196 0.44836566
423 329 0.94522643
423 345 0.8136897
423 362 0.6533289
423 401 0.35075018
423 410 0.87439793
423 411 0.28247648
423 415 0.20915395
423 431 0.26785597
423 438 0.44087386
424 45 0.78976065
424 47 0.7248271
424 87 0.6561789
424 129 0.504974
424 149 0.60180444
424 167 0.72659254
424 195 0.083424166
424 291 0.08732628
424 385 0.33313152
424 414 0.43269554
424 477 0.26741168
424 459 0.8894411
425 7 0.2487386
425 51 0.2283047
425 210 0.8508658
425 394 0.33136278
425 414 0.6211683
425 440 0.18934415
425 500 0.43354028
426 26 0.8044176
426 136 0.1113996
426 186 0.007213676
426 194 0.59721655
426 310 0.7970847
426 380 0.34126016
426 469 0.7427457
427 81 0.29460895
427 84 0.8399056
427 99 0.86917233
427 118 0.18560433
427 126 0.6948389
427 134 0.029181732
427 173 0.23937899
427 295 0.47278246
427 412 0.72809887
427 449 0.1840458
428 21 0.5459922
428 153 0.21167219
428 154 0.84055865
428 170 0.24131078
428 233 0.49374092
428 299 0.86245424
428 348 0.27561778
428 352 0.72051543
428 395 0.35025033
429 18 0.83326805
429 111 0.1457765
429 157 0.7279447
429 159 0.29906315
429 213 0.71501476
429 242 0.44174978
429 347 0.24971674
429 363 0.73166853
429 442 0.7814902
429 446 0.46905106
430 46 0.7574397
430 112 0.08296551
430 123 0.64730865
430 160 0.5717089
430 264 0.6303051
430 285 0.055857882
430 292 0.3790705
430 300 0.66160065
430 340 0.41422096
430 344 0.5566508
431 15 0.57640135
431 34 0.07603003
431 86 0.17049077
431 116 0.81243366
431 189 0.15629372
431 280 0.0045021405
431 326 0.6841142
431 339 0.7437718
431 345 0.76840603
431 362 0.63259155
431 368 0.09325336
431 410 0.72507876
431 415 0.8746858
431 423 0.8787146
431 438 0.3824565
432 28 0.55175626
432 87 0.38819847
432 129 0.6363085
432 149 0.5813661
432 161 0.4493835
432 176 0.19125971
432 293 0.028211704
432 385 0.13840881
432 472 0.8662519
432 444 0.07205299
433 83 0.4640167
433 121 0.8761016
433 132 0.89006406
433 176 0.81176955
433 205 0.4827501
433 338 0.30535722
433 472 0.5801215
433 495 0.8853701
433 413 0.5137697
434 139 0.2653612
434 142 0.6763854
434 180 0.6538903
434 219 0.7325183
434 232 0.7435034
434 306 0.047680687
434 454 0.1416342
435 24 0.32574055
435 89 0.35567713
435 113 0.3093672
435 300 0.54646367
436 5 0.14241898
436 31 0.8774727
436 58 0.26362416
436 72 0.39485785
436 234 0.92875
436 247 0.37459555
436 248 0.3544188
436 254 0.25721446
436 260 0.4289691
436 268 0.3824564
436 282 0.0015500076
436 311 0.7299589
436 416 0.10638967
436 488 0.045439694
437 1 0.32797298
437 136 0.42462322
437 168 0.591978
437 186 0.40915173
437 194 0.0017618459
437 202 0.0011992087
437 220 0.2880272
437 380 0.18348122
437 407 0.4038794
438 15 0.90734196
438 86 0.58239
438 116 0.13589711
438 189 0.6955776
438 196 0.2519934
438 326 0.9230719
438 329 0.26839995
438 345 0.41524416
438 362 0.7342838
438 410 0.5052237
438 411 0.3044719
438 415 0.022768587
438 423 0.16395377
438 431 0.72711015
439 12 0.6799166
439 71 0.7192267
439 79 0.69242376
439 141 0.19259979
439 169 0.3001891
439 215 0.2028882
439 243 0.3183795
439 335 0.1571974
439 342 0.18726581
439 374 0.27753824
439 422 0.20901188
440 2 0.023121873
440 7 0.32347065
440 64 0.4540739
440 114 0.8510082
440 117 0.72208726
440 122 0.52538234
440 210 0.68988913
440 303 0.04667788
440 305 0.1354166
440 392 0.17371666
440 425 0.57609063
440 500 0.1526541
441 8 0.8458715
441 66 0.6558385
441 97 0.7152825
441 182 0.6886098
441 197 0.6868532
441 223 0.7359862
441 224 0.8120108
441 238 0.6317947
441 267 0.61955875
441 276 0.5151417
441 353 0.66219926
441 409 0.93256366
441 499 0.39789146
442 18 0.49842504
442 145 0.8278538
442 245 0.8877791
442 420 0.12508434
442 429 0.330888
442 446 0.38261545
442 484 0.14276034
443 164 0.71384585
443 184 0.6851394
443 191 0.8687604
443 200 0.8097709
443 203 0.0022141237
443 284 0.07534035
443 321 0.07848486
443 405 0.5218356
443 418 0.002531491
443 447 0.17579153
444 28 0.006644927
444 87 0.038630698
444 129 0.01801432
444 147 0.6845741
444 161 0.6222694
444 204 0.22126706
444 293 0.5727328
444 385 0.5743398
444 432 0.6387425
445 80 0.80834836
445 104 0.5626486
445 110 0.16539612
445 193 0.4941949
445 247 0.30991673
445 265 0.28376696
445 327 0.7049324
445 350 0.5478212
445 356 0.6768942
445 489 0.26232287
445 473 0.23127387
446 18 0.14334765
446 111 0.6292514
446 157 0.4467957
446 159 0.17768349
446 213 0.16405271
446 229 0.037184622
446 347 0.050277416
446 363 0.4942919
446 429 0.20412329
446 442 0.6670777
447 6 0.86821103
447 11 0.41918278
447 60 0.22265306
447 191 0.92550695
447 304 0.3488884
447 443 0.81996834
448 6 0.5726227
448 11 0.36581594
448 56 0.11248943
448 94 0.3752523
448 135 0.2252832
448 163 0.3284072
448 172 0.23421073
448 304 0.5154235
448 357 0.7341084
448 367 0.44039544
448 406 0.67690104
448 480 0.32561764
449 81 0.89645666
449 84 0.33740836
449 90 0.6946306
449 118 0.11111436
449 134 0.505771
449 173 0.44489333
449 295 0.4253218
449 427 0.84306717
450 20 0.08109628
450 183 0.3083375
450 307 0.58998764
450 325 0.31120953
450 333 0.29234478
450 381 0.19002114
450 453 0.6807646
450 478 0.5417396
450 471 0.94042355
450 474 0.18408924
451 133 0.41363373
451 190 0.4037194
451 237 0.94122434
451 378 0.3072857
451 458 0.78630406
452 50 0.5730937
452 80 0.15827692
452 104 0.10347812
452 110 0.76775444
452 150 0.1531586
452 198 0.23520571
452 262 0.51654184
452 330 0.50898415
453 20 0.24849561
453 44 0.29760268
453 62 0.67732614
453 183 0.9403524
453 226 0.8956309
453 246 0.112441264
453 301 0.21829607
453 333 0.8405281
453 369 0.34034896
453 381 0.032182075
453 403 0.3969147
453 450 0.68999016
453 463 0.33950493
453 478 0.37636298
453 486 0.7356087
453 471 0.4646365
453 474 0.18875706
454 91 0.866452
454 139 0.64904195
454 142 0.1636532
454 171 0.16963975
454 306 0.61869323
454 315 0.14506717
454 322 0.44250444
454 434 0.18961243
454 470 0.48793548
454 460 0.6147032
455 41 0.5605079
455 207 0.46294492
455 225 0.90805244
455 256 0.61976784
455 277 0.24123895
455 361 0.063705996
455 400 0.08157675
456 45 0.33557466
456 49 0.87182087
456 195 0.38483816
456 291 0.3012639
456 331 0.22675264
456 334 0.4042643
456 466 0.5323337
457 10 0.73732483
457 69 0.2085272
457 125 0.7541248
457 157 0.8545665
457 159 0.8668978
457 213 0.09920826
457 242 0.4033769
457 281 0.7091885
457 363 0.265188
457 375 0.6350693
457 485 0.22844894
457 492 0.19079708
457 470 0.4177942
458 98 0.41563275
458 133 0.8460028
458 190 0.58465636
458 237 0.93269664
458 451 0.93246335
459 47 0.9096972
459 167 0.70552605
459 195 0.10090559
459 291 0.52297914
459 331 0.105017506
459 424 0.7261109
459 477 0.45453435
460 3 0.79559445
460 139 0.40617573
460 142 0.8380455
460 166 0.8946236
460 259 0.64792097
460 288 0.6685544
460 315 0.64282954
460 454 0.355503
460 462 0.4567743
461 23 0.5340368
461 200 0.31273633
461 203 0.103905335
461 249 0.60687095
461 257 0.43684685
461 312 0.70242804
461 320 0.5529676
461 321 0.16990232
461 327 0.26858708
461 350 0.86510277
461 356 0.88605577
461 421 0.70791024
461 489 0.89503515
461 473 0.7345188
462 142 0.14843255
462 151 0.8050287
462 154 0.35005593
462 166 0.51431847
462 171 0.2229712
462 288 0.75050646
462 315 0.29418635
462 460 0.5256255
463 44 0.25220537
463 226 0.28963333
463 246 0.094534814
463 275 0.6191879
463 301 0.29718807
463 369 0.66855156
463 403 0.5176266
463 453 0.9013629
463 478 0.4313088
463 486 0.10006068
463 496 0.89553344
464 24 0.6629606
464 100 0.5520158
464 185 0.5352602
465 95 0.74633133
465 150 0.8541557
465 376 0.5332001
465 128 0.49565455
466 45 0.46305147
466 108 0.76397485
466 334 0.79553384
466 456 0.83339673
467 13 0.46576884
467 36 0.71991765
467 59 0.28018832
467 77 0.7117202
467 124 0.4661767
467 179 0.7425288
467 227 0.6797036
467 286 0.65197825
467 324 0.6215561
467 359 0.6468977
467 491 0.51227814
468 48 0.7027512
468 98 0.80132806
468 174 0.66150093
468 236 0.62440693
468 270 0.8051808
468 313 0.32121822
468 390 0.66504043
468 497 0.23718527
469 177 0.29953668
469 178 0.86889356
469 194 0.25020507
469 241 0.20186526
469 310 0.86490875
469 380 0.509388
469 426 0.20851158
470 10 0.024909364
470 69 0.36481333
470 125 0.8759446
470 242 0.59587365
470 253 0.6605829
470 281 0.89126664
470 306 0.6704577
470 322 0.65551275
470 363 0.20188148
470 375 0.55317855
470 454 0.23856977
470 457 0.47715577
470 492 0.015462628
471 20 0.45553672
471 183 0.17924665
471 307 0.80088073
471 333 0.9489431
471 381 0.39696395
471 450 0.8049994
471 453 0.85628194
471 478 0.6337272
471 474 0.7399701
472 83 0.18178606
472 87 0.632376
472 132 0.41803634
472 147 0.9246265
472 149 0.7137997
472 161 0.7264184
472 176 0.59776837
472 293 0.37607086
472 338 0.9470837
472 432 0.59340304
472 433 0.41493022
472 495 0.80810755
472 413 0.29874393
473 80 0.9291432
473 104 0.18306941
473 110 0.5256165
473 193 0.0136488285
473 203 0.22205049
473 247 0.80451757
473 257 0.41119656
473 265 0.4712681
473 311 0.087083265
473 327 0.5382387
473 350 0.56505483
473 356 0.08116495
473 445 0.80618465
473 461 0.7676345
473 489 0.8950361
474 20 0.11932979
474 38 0.50471723
474 183 0.44421577
474 216 0.78863704
474 307 0.47995582
474 325 0.60167134
474 369 0.63832474
474 450 0.14780243
474 453 0.77112204
474 471 0.6753097
475 3 0.4237802
475 22 0.88207984
475 119 0.77243763
475 154 0.78276986
475 166 0.0021932942
475 170 0.74031746
475 214 0.23006345
475 259 0.84935427
475 274 0.15641522
475 288 0.750605
475 315 0.12336
475 391 0.65670395
475 397 0.89388865
476 37 0.26210114
476 84 0.6135217
476 120 0.21323809
476 126 0.9318778
476 138 0.7510112
476 272 0.0036189465
476 386 0.5176697
476 412 0.30376098
476 494 0.26964337
477 45 0.75636876
477 87 0.30300125
477 149 0.4342986
477 167 0.5093166
477 195 0.86962825
477 291 0.14436279
477 414 0.7034048
477 424 0.037158795
477 459 0.54599106
478 20 0.2613661
478 44 0.9363061
478 62 0.3257918
478 226 0.763093
478 246 0.43481383
478 301 0.9033629
478 333 0.9036366
478 369 0.3031754
478 403 0.6369301
478 450 0.7130682
478 453 0.6361206
478 463 0.42732254
478 471 0.8178135
478 486 0.64311385
478 496 0.57234406
479 137 0.091029346
479 319 0.9383228
479 349 0.74195606
479 351 0.45746094
479 399 0.8520766
479 402 0.10464457
479 481 0.7150269
479 128 0.51474375
479 493 0.107644975
480 6 0.11930826
480 11 0.32422104
480 56 0.6666733
480 60 0.8555884
480 94 0.91138023
480 163 0.69433206
480 172 0.39755967
480 191 0.6120701
480 304 0.89046514
480 393 0.3609101
480 406 0.4677789
480 448 0.6515109
481 76 0.064270146
481 137 0.14217113
481 221 0.39487082
481 314 0.9486121
481 319 0.3451652
481 349 0.53525186
481 351 0.5918176
481 399 0.6854465
481 402 0.8403807
481 479 0.71113384
481 490 0.6593706
481 493 0.24752066
482 96 0.88732004
482 144 0.64791083
482 351 0.939446
482 366 0.71608365
483 15 0.2814318
483 16 0.014995567
483 34 0.75942224
483 65 0.24949282
483 105 0.41473657
483 162 0.942448
483 168 0.44134203
483 175 0.31682384
483 202 0.5422818
483 244 0.6033463
483 326 0.58292323
483 339 0.24440528
483 354 0.8405505
483 368 0.81066626
483 377 0.1532346
484 145 0.24819212
484 245 0.7555752
484 246 0.4766635
484 275 0.36934355
484 289 0.2290828
484 337 0.8688464
484 346 0.57968
484 420 0.020388383
484 442 0.388159
484 486 0.3918225
484 496 0.5861169
485 4 0.91656435
485 10 0.7682922
485 69 0.12813061
485 157 0.7967583
485 159 0.06313864
485 213 0.72501886
485 297 0.50455236
485 309 0.62168074
485 347 0.49108887
485 384 0.23962703
485 457 0.037367605
485 492 0.80545443
486 44 0.12695199
486 62 0.6259275
486 226 0.27427197
486 246 0.6011375
486 253 0.10517512
486 275 0.845259
486 301 0.1589755
486 403 0.41784117
486 420 0.3754529
486 453 0.22469746
486 463 0.44813296
486 478 0.7316176
486 484 0.60709476
486 496 0.09035273
487 393 0.6956732
488 5 0.87435925
488 31 0.7609781
488 58 0.89694375
488 72 0.13819198
488 234 0.44895265
488 247 0.18501583
488 248 0.41487223
488 254 0.49622533
488 260 0.79833555
488 268 0.5594136
488 282 0.19541377
488 311 0.886913
488 416 0.60140157
488 436 0.15998995
489 193 0.9051294
489 200 0.07717033
489 203 0.36493096
489 257 0.24853727
489 265 0.7677891
489 312 0.030863544
489 327 0.8434264
489 350 0.6489254
489 356 0.3653609
489 445 0.91799563
489 461 0.5094206
489 473 0.14367837
490 76 0.1991321
490 130 0.046757497
490 137 0.025286937
490 221 0.5044317
490 255 0.23115332
490 278 0.12590846
490 314 0.67863804
490 319 0.50988454
490 349 0.29123282
490 360 0.7974184
490 389 0.014770538
490 399 0.118509375
490 481 0.49224687
490 52 0.047452994
491 13 0.86928874
491 36 0.6216516
491 59 0.37438282
491 77 0.67288506
491 124 0.9153031
491 227 0.35508323
491 252 0.33095697
491 286 0.8782793
491 359 0.4125019
491 467 0.6162246
492 4 0.8111688
492 10 0.92607087
492 69 0.7836843
492 106 0.19383866
492 125 0.8423768
492 180 0.18152909
492 232 0.26788086
492 281 0.20928688
492 297 0.8326478
492 309 0.2815835
492 363 0.19466211
492 384 0.738113
492 457 0.39183354
492 470 0.22657876
492 485 0.74577963
493 76 0.50852054
493 137 0.83063555
493 221 0.75811046
493 314 0.12945336
493 319 0.46386102
493 349 0.32850334
493 351 0.097011246
493 402 0.41620228
493 479 0.3208132
493 481 0.11304987
494 37 0.7028317
494 85 0.44173354
494 90 0.47447014
494 120 0.2773303
494 126 0.7454395
494 272 0.50503457
494 412 0.05373871
494 476 0.6769861
495 83 0.28718543
495 132 0.5086076
495 149 0.10982571
495 176 0.5402151
495 205 0.3107632
495 338 0.13633196
495 394 0.32562602
495 433 0.071323045
495 472 0.6784592
496 44 0.65365654
496 62 0.8346939
496 226 0.6610729
496 246 0.86132544
496 253 0.84906024
496 275 0.9343205
496 301 0.04100899
496 403 0.49260083
496 420 0.9254304
496 463 0.2655471
496 478 0.67055315
496 484 0.6986141
496 486 0.8895244
497 48 0.0813256
497 174 0.60830003
497 236 0.5138455
497 270 0.03708354
497 294 0.058365505
497 313 0.15916014
497 390 0.62793684
497 468 0.04246767
498 8 0.8164899
498 66 0.11146694
498 135 0.79459774
498 163 0.78188497
498 197 0.3244492
498 271 0.6771096
498 357 0.18026927
498 358 0.6184908
498 367 0.8919101
499 53 0.5478951
499 74 0.7965105
499 97 0.3419526
499 152 0.37646565
499 197 0.17410551
499 223 0.226702
499 224 0.5893461
499 238 0.21088924
499 266 0.13505197
499 267 0.019066298
499 323 0.41785303
499 353 0.07984192
499 382 0.6718575
499 441 0.46964025
500 7 0.7774483
500 51 0.8597135
500 64 0.5077942
500 114 0.93266433
500 122 0.32436004
500 205 0.8652558
500 210 0.7776259
500 303 0.6754259
500 394 0.14338441
500 425 0.24417938
500 440 0.27906144
