1 266 0.06358191
1 84 0.5155387
1 290 0.38543877
1 89 0.005427438
1 58 0.41689458
1 63 0.6370297
1 73 0.558375
1 191 0.35784838
1 246 0.7608777
1 385 0.28683245
1 277 0.77599335
1 324 0.20689295
2 28 0.5611481
2 146 0.1314513
2 325 0.36038506
2 356 0.88025975
2 380 0.43047583
2 205 0.20759922
2 91 0.74266684
2 149 0.20336154
2 96 0.31290105
3 322 0.5144514
3 87 0.74092954
3 311 0.3524077
4 363 0.6013289
4 243 0.39213523
4 280 0.5490738
4 354 0.25316274
4 373 0.008981156
4 69 0.76789933
4 133 0.3090352
4 161 0.9249478
4 160 0.38533404
4 259 0.3026515
4 340 0.2541541
5 33 0.21170114
5 173 0.43442065
5 105 0.43280828
5 138 0.15869322
5 196 0.08016432
5 276 0.3886272
5 186 0.3756469
6 369 0.81075716
6 341 0.5545102
6 343 0.07036189
7 62 0.41460085
7 97 0.024117852
7 202 0.14597918
7 215 0.53222525
7 237 0.70119137
7 287 0.61569947
7 330 0.097340874
7 379 0.72356087
7 72 0.12953496
7 55 0.5627273
7 211 0.50924593
7 350 0.7975157
8 333 0.07661945
8 46 0.32279402
9 19 0.37778622
9 135 0.18498829
9 275 0.007789644
9 353 0.8523474
9 393 0.52382874
9 333 0.62609434
9 120 0.65413356
10 59 0.26035315
10 295 0.09094
10 210 0.8620283
10 227 0.33771145
10 232 0.11813772
10 390 0.30196694
10 256 0.29545006
10 334 0.625818
11 326 0.4176634
11 266 0.93159145
11 348 0.6947751
11 213 0.7217205
11 219 0.36774096
11 271 0.8124242
11 283 0.94899786
11 145 0.09456259
12 25 0.6279334
12 261 0.6434546
12 297 0.045926627
12 332 0.618377
12 133 0.9191541
12 225 0.9129233
12 158 0.907959
12 114 0.6763967
12 110 0.47321433
12 21 0.3219331
12 316 0.36477673
13 368 0.4961078
13 22 0.47982293
13 67 0.33236578
13 177 0.12758926
13 128 0.2577336
13 151 0.334793
13 268 0.8219199
13 307 0.7938043
13 367 0.27709326
13 27 0.6084589
14 371 0.536337
14 48 0.9352546
14 244 0.46402457
14 256 0.26755753
14 370 0.13313235
14 334 0.78436023
14 78 0.29081398
14 125 0.5950786
14 376 0.1543961
15 235 0.77985436
15 245 0.7423236
15 52 0.019835947
15 154 0.7384823
15 310 0.6549524
15 56 0.466758
15 103 0.36676627
15 124 0.62765115
15 137 0.24309266
16 61 0.4102617
16 131 0.673207
16 181 0.8579815
16 183 0.5666279
16 228 0.13878801
16 314 0.50565845
16 222 0.7241198
16 344 0.21509664
16 118 0.6049321
16 142 0.784784
16 197 0.42068186
16 238 0.28795287
16 305 0.8336686
16 317 0.80265164
17 195 0.32537436
17 64 0.09688313
17 113 0.912185
17 140 0.7924714
17 171 0.4121513
17 203 0.22409038
17 32 0.18125387
17 42 0.6683324
17 60 0.67297316
17 326 0.35117254
17 299 0.6408326
18 100 0.024693388
18 120 0.81698436
18 284 0.38847572
18 318 0.19683519
18 23 0.9266304
18 77 0.6001757
18 397 0.3860504
19 9 0.3929715
19 135 0.4712645
19 275 0.075095974
19 353 0.47784808
19 393 0.6385894
19 333 0.042148937
20 101 0.82269365
20 157 0.6114441
20 45 0.7869769
20 132 0.20797305
20 278 0.7817212
20 355 0.29456344
20 81 0.7523275
20 368 0.31154454
20 375 0.20948705
20 177 0.10022921
20 367 0.8816436
21 12 0.0016362196
21 158 0.7024889
21 199 0.673154
21 302 0.7477211
21 114 0.81947047
21 36 0.33781263
21 192 0.74461293
21 230 0.5165418
21 383 0.6531782
21 300 0.93122697
21 316 0.4581421
22 13 0.122030176
22 67 0.86433315
22 80 0.5247487
22 177 0.38017336
22 128 0.8778546
22 367 0.72380894
22 27 0.83319694
23 18 0.78375494
23 100 0.19274196
23 120 0.5431883
23 47 0.049019527
23 77 0.64400613
23 397 0.62792474
24 325 0.28794253
24 136 0.20351605
24 388 0.7002042
24 96 0.20489465
25 12 0.8237559
25 156 0.6446151
25 169 0.4082298
25 98 0.5849618
25 257 0.34125164
25 261 0.008043211
25 297 0.14313334
25 332 0.7008403
25 352 0.9334281
25 133 0.071602926
25 225 0.552
25 199 0.0390684
25 302 0.45069402
25 114 0.6124705
26 33 0.03482776
26 173 0.8784768
26 99 0.116453886
26 216 0.10369989
26 105 0.32774448
26 276 0.4739692
27 13 0.0377737
27 22 0.26798552
27 67 0.5997764
27 80 0.8371198
27 367 0.6984602
27 95 0.32865927
27 372 0.75534874
27 44 0.39630497
28 2 0.42516652
28 377 0.8275835
28 240 0.2980519
28 400 0.5952965
28 279 0.90412474
28 356 0.9173679
29 43 0.053897865
29 57 0.47456107
29 92 0.32762355
29 253 0.14370514
29 286 0.30460086
29 390 0.09677494
29 48 0.5862367
29 166 0.4984314
29 334 0.20230563
29 377 0.23582798
29 400 0.067595765
30 328 0.530263
30 54 0.8900464
30 209 0.8155642
30 345 0.07742694
30 85 0.7409277
30 107 0.7055843
30 93 0.6153021
30 139 0.89429724
31 341 0.87430876
31 343 0.061812323
31 34 0.3101185
31 90 0.3482111
31 262 0.89066744
31 37 0.09685783
31 309 0.35308874
31 74 0.48731276
31 106 0.5732602
32 17 0.629346
32 195 0.30226022
32 254 0.62792337
32 64 0.6131969
32 113 0.54391813
32 171 0.57485354
32 203 0.49669334
32 42 0.7545825
32 60 0.10940378
32 326 0.08923251
33 5 0.09557998
33 26 0.20540157
33 173 0.0025855259
33 99 0.028353876
33 216 0.8836122
33 105 0.80893105
33 196 0.37787873
33 276 0.19722106
33 186 0.6939331
34 31 0.87794423
34 123 0.9156924
34 189 0.34658307
34 329 0.2965064
34 343 0.47733992
34 47 0.6844588
34 77 0.13243282
34 90 0.70580846
34 262 0.60802215
34 37 0.8639615
34 309 0.6461754
35 208 0.16554882
35 167 0.346628
35 285 0.43203795
36 21 0.60026115
36 158 0.74734634
36 192 0.792655
36 230 0.10343332
36 281 0.8320559
36 383 0.4579737
36 300 0.32488358
36 258 0.75100297
36 263 0.30907446
36 292 0.21190086
36 236 0.40853763
36 378 0.15316156
37 31 0.7653035
37 34 0.5649732
37 309 0.16161862
37 74 0.69567156
37 106 0.19458185
37 234 0.60033983
38 321 0.3591985
38 336 0.4821667
38 386 0.7364098
38 294 0.27161276
39 65 0.17295074
39 163 0.28343543
39 361 0.36776683
39 140 0.9189961
40 377 0.7240315
40 78 0.1104113
40 125 0.3855832
40 376 0.6238178
40 223 0.8976399
40 279 0.5384554
40 201 0.7417199
40 337 0.49923047
41 79 0.13480085
41 187 0.5349176
41 323 0.797883
41 250 0.35718152
41 346 0.024286205
41 198 0.6751566
41 389 0.53949016
42 17 0.60429525
42 32 0.7771411
42 195 0.50620896
42 64 0.35140714
42 222 0.65030265
42 344 0.8817124
42 238 0.46227515
42 113 0.22226694
42 171 0.22582622
42 203 0.089569606
42 60 0.46354008
42 326 0.34348503
43 29 0.593356
43 51 0.13571142
43 242 0.7327054
43 366 0.2394664
43 395 0.46711466
43 57 0.6689542
43 92 0.30636236
43 253 0.5628312
43 286 0.8412922
43 390 0.47773805
43 50 0.89573777
43 159 0.34197727
44 27 0.23410787
44 95 0.1735974
44 372 0.70114124
44 87 0.42003128
44 239 0.715009
45 20 0.80852777
45 101 0.33408564
45 338 0.69363517
45 111 0.7530413
45 157 0.83218735
45 178 0.4083096
45 193 0.056751933
45 132 0.73975295
45 278 0.6180276
45 355 0.90789574
45 53 0.08255025
45 81 0.25460753
45 368 0.41885343
45 375 0.27449238
46 8 0.3377597
46 255 0.8017589
47 23 0.17128994
47 34 0.14140101
47 100 0.8773959
47 123 0.015811397
47 189 0.21415633
47 206 0.5057262
47 329 0.38796702
47 77 0.66960037
47 90 0.5744934
47 262 0.10355471
47 397 0.3451924
48 14 0.4777867
48 29 0.41598
48 253 0.8144188
48 390 0.77611995
48 244 0.67804986
48 256 0.700879
48 370 0.9298844
48 166 0.37326202
48 334 0.8723616
48 377 0.23957062
48 78 0.14192986
48 125 0.096557684
48 376 0.027447918
49 217 0.045430787
49 251 0.555929
49 162 0.22337973
49 84 0.8907389
49 89 0.7916468
49 129 0.4495562
50 43 0.67764324
50 51 0.0012448664
50 242 0.25963068
50 366 0.06904783
50 395 0.39513415
50 190 0.18912555
50 57 0.7636879
50 92 0.003877627
50 286 0.11747338
50 159 0.57973146
50 384 0.35768342
51 43 0.21113257
51 50 0.38377056
51 213 0.5389135
51 231 0.19245714
51 271 0.73607653
51 303 0.79585475
51 59 0.49037284
51 109 0.15287623
51 152 0.07589786
51 291 0.67500526
51 295 0.26029912
51 242 0.93826693
51 366 0.31774363
51 395 0.5563304
51 92 0.32136777
52 15 0.7586601
52 167 0.8827567
52 285 0.25379553
52 235 0.46309593
52 154 0.26730448
52 310 0.29517078
52 265 0.5727427
52 273 0.6565491
52 351 0.61235636
52 103 0.50390434
52 124 0.6312733
52 137 0.6966901
53 45 0.67155415
53 157 0.27050808
53 147 0.5583135
53 155 0.6270005
53 362 0.5727835
53 81 0.913384
53 368 0.7096295
53 375 0.08688844
53 126 0.33373904
53 182 0.22402774
53 342 0.20464954
53 349 0.9044959
53 358 0.5797385
53 151 0.9040008
53 150 0.887709
53 165 0.62060267
54 30 0.7698179
54 328 0.71974087
54 209 0.8434913
54 345 0.8226877
54 275 0.7880363
54 93 0.6777416
54 139 0.32737482
55 7 0.40061003
55 237 0.34405515
55 287 0.45676416
55 330 0.57991713
55 379 0.7024177
55 72 0.47820836
55 211 0.09456921
55 350 0.7840319
56 15 0.7570055
56 235 0.4850656
56 245 0.4856061
56 124 0.68887377
57 29 0.025677593
57 43 0.8484801
57 50 0.80089104
57 242 0.10473816
57 366 0.82050765
57 395 0.5624534
57 92 0.09452907
57 253 0.76464635
57 286 0.17495775
57 390 0.7939403
57 159 0.3176369
57 334 0.3682956
58 1 0.22749688
58 266 0.13634516
58 84 0.025288986
58 290 0.75371885
58 89 0.7814034
58 63 0.78185475
58 73 0.45211267
58 191 0.08580066
58 246 0.45202258
58 385 0.37000892
59 10 0.6861789
59 51 0.0063189105
59 109 0.24384074
59 152 0.36622733
59 291 0.53048503
59 295 0.11723286
59 242 0.40521368
59 366 0.4002757
59 395 0.34026152
59 232 0.82109356
59 286 0.12310168
60 17 0.83120275
60 32 0.724718
60 42 0.14139372
60 195 0.89988106
60 113 0.6941154
60 171 0.15665522
60 203 0.6351512
60 326 0.45904365
60 299 0.57218
60 213 0.65864146
60 271 0.8830129
60 283 0.548732
61 16 0.2642931
61 83 0.43683824
61 131 0.6793462
61 181 0.71615505
61 183 0.006349329
61 228 0.07353362
61 314 0.6364846
61 222 0.12851675
61 344 0.53907955
61 118 0.9108911
61 142 0.16242555
61 197 0.32950386
61 305 0.3946786
61 317 0.23477715
62 7 0.46002725
62 244 0.91249657
62 370 0.35108274
62 97 0.09152869
62 175 0.061177675
62 289 0.60830325
62 78 0.2119748
62 125 0.68302083
62 202 0.52602285
62 237 0.19125447
62 330 0.07020616
63 1 0.6256345
63 58 0.74296075
63 266 0.8915825
63 84 0.08233761
63 290 0.6467341
63 89 0.21651623
63 73 0.6339169
63 191 0.35834682
63 246 0.46061164
63 385 0.35537925
64 17 0.64798146
64 32 0.0889437
64 42 0.82393074
64 195 0.66527015
64 254 0.48141405
64 222 0.16203254
64 344 0.65364254
64 118 0.6447923
64 238 0.0739427
64 171 0.7146797
64 326 0.63103515
64 65 0.6269604
65 39 0.52996707
65 64 0.41459146
65 365 0.043221254
65 195 0.91598976
65 254 0.48364863
65 171 0.906055
66 126 0.05931003
66 342 0.9456187
66 226 0.7869478
66 268 0.7450518
66 150 0.037075214
66 165 0.59062326
66 301 0.066721395
66 308 0.37196437
66 347 0.52430815
66 394 0.25469488
66 306 0.8396989
67 13 0.72378266
67 22 0.92303324
67 27 0.5760904
67 80 0.35796642
67 177 0.82059985
67 128 0.2771695
67 367 0.28745323
67 372 0.5207039
68 82 0.3184913
68 263 0.25337768
68 282 0.3626704
68 136 0.74969584
68 205 0.32579502
68 388 0.9220275
68 396 0.65125847
68 298 0.3563993
68 374 0.49447596
68 96 0.17445242
69 4 0.046379082
69 363 0.60426724
69 243 0.051922377
69 280 0.69915783
69 373 0.49385282
69 98 0.74881023
69 257 0.72863895
69 332 0.46557173
69 133 0.7669102
69 161 0.31643105
69 225 0.10220952
69 160 0.6235125
70 122 0.68940276
70 392 0.35260466
70 76 0.84476143
70 233 0.70812047
70 386 0.67270154
70 264 0.73031557
70 338 0.42323294
70 111 0.10555413
70 178 0.32427588
70 193 0.6059043
70 147 0.47313502
71 99 0.73737025
71 163 0.7105872
71 216 0.7046228
71 361 0.7022341
71 113 0.77417815
71 140 0.66399974
71 186 0.36659172
71 399 0.44491062
71 241 0.42338452
71 299 0.40858737
72 7 0.23954988
72 55 0.59256506
72 330 0.55209905
72 108 0.85719657
72 201 0.26609445
72 350 0.39396572
72 104 0.5174332
72 184 0.030746458
73 1 0.33923286
73 58 0.9086122
73 63 0.15923315
73 266 0.37648654
73 84 0.54552764
73 290 0.7836911
73 89 0.11324499
73 191 0.15322672
73 246 0.63171196
73 385 0.58425254
74 31 0.5567339
74 37 0.7887706
74 309 0.20800611
74 106 0.9277389
74 234 0.78818345
74 130 0.04086291
74 331 0.30876663
75 301 0.36539727
75 347 0.5270537
75 172 0.47351506
75 180 0.006928875
75 335 0.17895819
75 339 0.4905215
75 306 0.28257203
76 70 0.68492
76 122 0.6197558
76 392 0.51179665
76 233 0.057561282
76 386 0.21182191
76 264 0.64527285
76 338 0.13776483
76 111 0.28253934
76 178 0.72140634
76 193 0.30988052
76 147 0.03473852
77 18 0.8216945
77 23 0.021099163
77 34 0.30187768
77 47 0.74294597
77 100 0.054885875
77 123 0.059814196
77 189 0.8439308
77 206 0.53416806
77 329 0.17820238
77 90 0.9123812
77 262 0.49077243
77 397 0.51719993
78 14 0.099976555
78 40 0.5906982
78 48 0.6051875
78 62 0.51896906
78 371 0.88543296
78 244 0.5259877
78 256 0.88001835
78 370 0.7221861
78 175 0.37097853
78 125 0.18289587
78 202 0.6220388
78 376 0.17964631
79 41 0.51614827
79 187 0.2598832
79 323 0.85691714
79 250 0.6679352
79 346 0.6510014
79 265 0.44647068
79 198 0.5213517
79 389 0.4904693
80 22 0.8098969
80 27 0.44550264
80 67 0.5535617
80 374 0.6644974
80 177 0.02064197
81 20 0.60985094
81 45 0.5376644
81 53 0.30272672
81 111 0.13606124
81 157 0.27439153
81 178 0.8838989
81 193 0.43115112
81 147 0.33364648
81 132 0.112928614
81 368 0.8201342
81 375 0.24874562
81 182 0.413652
81 358 0.53595865
82 68 0.22605662
82 119 0.016451187
82 263 0.868253
82 292 0.6221662
82 356 0.7730232
82 205 0.2822836
82 396 0.76619107
83 61 0.7714415
83 94 0.77326465
83 102 0.80338025
83 179 0.15443683
83 131 0.6937656
83 183 0.8223081
84 1 0.627943
84 49 0.2950148
84 58 0.93978685
84 63 0.053828377
84 73 0.585418
84 266 0.333846
84 290 0.215531
84 89 0.48485303
84 129 0.6953443
85 30 0.93218654
85 209 0.47749755
85 345 0.15995553
85 107 0.45728466
85 185 0.7869912
85 93 0.8266798
85 139 0.051838677
85 252 0.6939982
86 130 0.03143131
86 320 0.035006396
86 331 0.4257863
86 321 0.26887414
87 3 0.32687217
87 44 0.20871815
87 322 0.07639598
87 311 0.66829723
88 159 0.8633937
88 384 0.61732155
88 141 0.60226816
88 214 0.34164298
88 240 0.7117843
88 269 0.40693223
89 1 0.7302596
89 49 0.69063884
89 58 0.043777183
89 63 0.6062615
89 73 0.8423242
89 84 0.026590256
89 290 0.4846829
89 129 0.74503905
89 156 0.15367897
89 169 0.81776714
90 31 0.6564145
90 34 0.1552247
90 47 0.16395709
90 77 0.7266268
90 123 0.75625426
90 189 0.91627944
90 329 0.075750545
90 262 0.521093
90 397 0.81530803
91 2 0.07977849
91 279 0.19505258
91 146 0.3682665
91 380 0.68963516
91 224 0.44474807
91 312 0.46743
91 149 0.32227436
92 29 0.66649824
92 43 0.6231837
92 50 0.21351925
92 51 0.07207637
92 57 0.41684145
92 242 0.75166285
92 366 0.51243675
92 395 0.39419
92 253 0.2828337
92 286 0.0024733902
92 390 0.20671698
92 159 0.17666675
92 334 0.15804818
93 30 0.2653432
93 54 0.3969675
93 85 0.16077793
93 209 0.49509215
93 345 0.28595528
93 107 0.5380671
93 139 0.11090215
93 247 0.2262538
93 252 0.23123515
94 83 0.31946358
94 198 0.71344596
94 327 0.45715523
94 179 0.034982223
94 389 0.7964894
95 27 0.302226
95 44 0.65361303
95 172 0.20457911
95 372 0.47878194
95 335 0.87679905
95 239 0.4183347
96 2 0.8915734
96 24 0.0664951
96 68 0.090028495
96 146 0.9213285
96 325 0.09884445
96 380 0.23282985
96 136 0.7681273
96 205 0.47655997
96 388 0.8517939
96 396 0.42634124
96 149 0.4837078
97 7 0.4693277
97 62 0.6889238
97 175 0.6886677
97 289 0.48470613
97 202 0.8721904
97 215 0.70409185
97 237 0.64748996
97 287 0.01846274
97 330 0.7847422
98 25 0.30610824
98 69 0.530399
98 363 0.8950303
98 243 0.9436089
98 156 0.59769857
98 169 0.12844485
98 257 0.8968225
98 261 0.5367032
98 297 0.6357478
98 332 0.76424116
98 352 0.29594272
98 133 0.7240815
98 225 0.8947799
99 26 0.4726302
99 33 0.056113306
99 71 0.4385751
99 173 0.07006908
99 163 0.5067962
99 216 0.5397759
99 361 0.70456743
99 140 0.86795557
99 105 0.0031709347
99 186 0.41782463
100 18 0.8032708
100 23 0.69190246
100 47 0.56668246
100 77 0.49631482
100 120 0.07757586
100 318 0.042457733
101 20 0.119165696
101 45 0.8676794
101 316 0.8972021
101 264 0.8226229
101 338 0.8883186
101 157 0.08645532
101 178 0.69791424
101 193 0.8174701
101 132 0.5221667
101 278 0.7395478
101 355 0.25865993
102 83 0.8579595
102 221 0.83069307
102 351 0.106056534
102 176 0.24556072
102 267 0.32201827
102 365 0.82997394
102 179 0.32278487
102 254 0.8799149
103 15 0.8323638
103 52 0.05939684
103 235 0.1149728
103 154 0.53676146
103 310 0.75283474
103 221 0.3488621
103 273 0.2964327
103 351 0.008895063
103 124 0.893922
103 137 0.24784197
103 176 0.45941526
103 267 0.10581979
103 365 0.29670477
104 72 0.57706255
104 108 0.36946276
104 127 0.6074549
104 201 0.690022
104 350 0.23734686
104 184 0.0838611
104 293 0.1290565
105 5 0.66662145
105 26 0.63101655
105 33 0.5646977
105 99 0.081544414
105 173 0.34956396
105 216 0.09487671
105 112 0.73044413
105 170 0.36825788
105 196 0.7148467
105 276 0.81853306
105 186 0.3502675
106 31 0.33095047
106 37 0.75433826
106 74 0.44823098
106 309 0.044618994
106 234 0.64897966
106 130 0.58653927
107 30 0.8105814
107 85 0.05886025
107 93 0.81537616
107 209 0.79555404
107 185 0.534204
107 139 0.9413866
107 252 0.26099688
108 72 0.21729168
108 104 0.28152883
108 127 0.04010632
108 201 0.30037192
108 337 0.51352566
108 312 0.4188405
108 184 0.6406172
108 293 0.7054436
109 51 0.7481898
109 59 0.6910361
109 220 0.49585396
109 174 0.44604537
109 241 0.055132356
109 231 0.119559936
109 303 0.50641423
109 152 0.9295283
109 291 0.8861686
109 295 0.93029886
109 242 0.16867311
109 366 0.3794346
109 395 0.5862421
109 232 0.20086709
110 12 0.7616349
110 332 0.16349001
110 133 0.32775116
110 161 0.11680957
110 225 0.44293272
110 122 0.19434512
110 392 0.8204381
110 233 0.11387831
110 264 0.33841592
110 338 0.02320583
111 45 0.66105115
111 70 0.64247435
111 76 0.63668525
111 81 0.035207834
111 264 0.82351947
111 338 0.8007862
111 157 0.45280302
111 178 0.48166022
111 193 0.26982534
111 147 0.29890805
111 155 0.38180155
111 375 0.65019655
112 105 0.09350605
112 138 0.71032614
112 170 0.45929092
112 196 0.072401725
112 186 0.92175794
112 220 0.8222505
112 399 0.15647234
112 116 0.26566118
112 319 0.07595058
112 387 0.34542844
113 17 0.86174923
113 32 0.9440399
113 42 0.43049058
113 60 0.664621
113 71 0.6939593
113 195 0.8259862
113 140 0.09277951
113 171 0.35053495
113 203 0.6325512
113 299 0.865309
114 12 0.3216541
114 21 0.75139785
114 25 0.51302093
114 156 0.53227854
114 261 0.57007873
114 297 0.6752889
114 332 0.35825142
114 352 0.8463553
114 225 0.3339002
114 158 0.042457644
114 199 0.80904835
114 302 0.025723586
114 316 0.54268116
115 300 0.4746773
115 258 0.9426519
115 236 0.32551098
115 282 0.015378247
115 378 0.015211752
115 278 0.30398104
115 355 0.7220273
115 177 0.5223116
116 112 0.101218835
116 138 0.3659323
116 170 0.7991311
116 196 0.6234713
116 212 0.5315598
116 319 0.94459647
116 387 0.35479882
116 315 0.24089175
117 200 0.9080396
117 288 0.80688316
117 144 0.63042474
117 148 0.39596915
117 381 0.4899002
117 217 0.41487527
117 251 0.6578082
117 162 0.03443518
118 16 0.46428466
118 61 0.35180312
118 64 0.28523648
118 131 0.51110995
118 181 0.21593209
118 183 0.7151986
118 314 0.39019543
118 222 0.06536532
118 344 0.8251418
118 142 0.17311624
118 197 0.30847237
118 238 0.15670025
118 305 0.3517963
118 317 0.8074079
119 82 0.8083606
119 141 0.68853474
119 214 0.9044254
119 281 0.78057957
119 269 0.7402894
119 263 0.18183
119 292 0.43227586
119 356 0.44241044
119 396 0.46938035
120 9 0.11038265
120 18 0.3618897
120 23 0.20508325
120 100 0.42301503
120 333 0.5805858
120 318 0.4128963
121 212 0.14413215
121 249 0.92598486
121 270 0.7111974
121 357 0.70004255
121 274 0.46648908
121 296 0.31312096
121 382 0.588967
121 207 0.8311285
121 229 0.24308302
121 359 0.5070546
121 364 0.81701213
122 70 0.7959759
122 76 0.5190867
122 110 0.31051654
122 161 0.79699683
122 160 0.7762494
122 259 0.82834005
122 340 0.48040774
122 392 0.3560436
122 233 0.65404594
123 34 0.28870672
123 47 0.694788
123 77 0.78403693
123 90 0.5583121
123 189 0.87962216
123 206 0.8198812
123 329 0.2030739
123 397 0.4337941
124 15 0.66959673
124 52 0.9082889
124 56 0.5509298
124 103 0.17531689
124 235 0.22070375
124 245 0.37962374
124 154 0.94851905
124 310 0.6328655
124 137 0.91963184
125 14 0.11186814
125 40 0.49738264
125 48 0.71434456
125 62 0.5087282
125 78 0.44533905
125 244 0.77603686
125 256 0.8458934
125 370 0.42965436
125 202 0.27580723
125 376 0.7154787
125 223 0.0856197
126 53 0.374754
126 66 0.15435693
126 362 0.91892743
126 188 0.15737072
126 182 0.72932804
126 342 0.7306025
126 349 0.86999285
126 358 0.7943704
126 226 0.5249306
126 151 0.14717758
126 150 0.6943795
126 165 0.25046346
126 308 0.50724655
126 394 0.69631714
127 104 0.1795274
127 108 0.5849192
127 201 0.19896743
127 337 0.15515663
127 224 0.28326285
127 312 0.79821914
127 184 0.6117624
127 293 0.48483947
128 13 0.83850193
128 22 0.73908955
128 67 0.1647767
128 368 0.48448893
128 375 0.09966027
128 182 0.7267541
128 358 0.5821136
128 177 0.24510121
128 151 0.4647403
128 268 0.02755081
128 307 0.11517292
128 367 0.9415529
128 150 0.8798984
129 49 0.039511923
129 84 0.068535656
129 89 0.32684442
129 251 0.059731092
129 162 0.55923736
129 169 0.46471557
130 74 0.43470356
130 86 0.8353257
130 106 0.7013151
130 234 0.73432887
130 320 0.3041045
130 331 0.42729548
131 16 0.42178723
131 61 0.86609083
131 83 0.23997062
131 118 0.25835785
131 181 0.49286923
131 183 0.55117553
131 228 0.22432235
131 314 0.49065858
131 222 0.1231067
131 344 0.87013483
131 142 0.41952986
131 197 0.35408136
131 305 0.701969
131 317 0.21934447
132 20 0.24392986
132 45 0.88781697
132 81 0.4726234
132 101 0.23966786
132 338 0.7950016
132 157 0.25345182
132 278 0.43237853
132 355 0.94368845
132 375 0.54395115
133 4 0.8614086
133 12 0.09778492
133 25 0.028394403
133 69 0.6221686
133 98 0.7014032
133 110 0.119465515
133 363 0.35430557
133 243 0.2761856
133 257 0.5768962
133 261 0.2259564
133 297 0.5056672
133 332 0.20389542
133 352 0.7750654
133 161 0.7706924
133 225 0.79397416
134 249 0.19339195
134 210 0.5854868
134 227 0.1669124
134 248 0.63208497
134 274 0.68772435
134 296 0.84890056
134 382 0.22186922
134 207 0.049627844
134 229 0.30627328
134 359 0.26956216
134 371 0.9006178
135 9 0.026603395
135 19 0.25114018
135 275 0.44519225
135 353 0.22886278
135 393 0.9357483
135 333 0.79889065
136 24 0.5701815
136 68 0.26118767
136 96 0.28288102
136 146 0.40011758
136 325 0.23563461
136 380 0.5035797
136 205 0.71348774
136 388 0.42188323
136 396 0.092751145
136 298 0.68929136
137 15 0.3139037
137 52 0.8555467
137 103 0.3462524
137 124 0.93908435
137 235 0.8683715
137 154 0.3543534
137 310 0.28224352
137 273 0.2673285
137 351 0.62290925
137 176 0.0013812099
137 267 0.107570894
138 5 0.06982719
138 112 0.165881
138 116 0.16302264
138 170 0.79589695
138 196 0.23595425
138 276 0.46152538
138 212 0.9337082
139 30 0.84808046
139 54 0.6686656
139 85 0.0646659
139 93 0.4488417
139 107 0.69785774
139 209 0.38484716
139 345 0.70070595
139 247 0.112883806
139 252 0.7308274
140 17 0.90701735
140 39 0.94823307
140 71 0.6114283
140 99 0.7285034
140 113 0.49882907
140 163 0.40602067
140 216 0.7495421
140 361 0.30229777
140 171 0.49189046
140 203 0.9354383
140 299 0.80426323
141 88 0.12133657
141 119 0.5184746
141 384 0.91743064
141 214 0.62671834
141 192 0.81195784
141 281 0.15944113
141 269 0.42147535
141 292 0.78535426
142 16 0.7072919
142 61 0.5758908
142 118 0.6687721
142 131 0.4028445
142 181 0.40328175
142 183 0.4958132
142 228 0.9324937
142 314 0.6677867
142 222 0.66244256
142 344 0.5879131
142 197 0.18664266
142 238 0.5633487
142 305 0.83614516
142 317 0.52238023
142 217 0.86079025
143 327 0.623956
144 117 0.89407367
144 247 0.2705951
144 288 0.7656386
144 148 0.58827597
144 381 0.77082705
144 284 0.50769186
144 360 0.63688654
144 162 0.26081875
144 313 0.23627232
145 11 0.9020471
145 348 0.3057156
145 213 0.030589852
145 219 0.1188275
145 191 0.3520003
145 246 0.18088666
145 385 0.8779176
145 190 0.81961685
146 2 0.55185527
146 91 0.5954708
146 96 0.59698415
146 136 0.42912233
146 325 0.90037584
146 356 0.088426605
146 380 0.32881424
146 205 0.33828294
146 388 0.13892588
146 149 0.6709995
147 53 0.26132563
147 70 0.90914065
147 76 0.8572327
147 81 0.07958845
147 111 0.09344966
147 178 0.13964799
147 153 0.5692428
147 155 0.016332185
147 362 0.7086629
147 188 0.04862742
147 272 0.722691
147 349 0.11563207
148 117 0.17496185
148 144 0.75649273
148 252 0.72370654
148 200 0.098427564
148 288 0.39947855
148 381 0.18319286
148 284 0.15500878
148 360 0.09171704
148 251 0.352166
148 162 0.022276936
149 2 0.7902183
149 91 0.30691043
149 96 0.059280794
149 146 0.8851834
149 325 0.42778867
149 380 0.7355274
149 224 0.56525666
150 53 0.88080615
150 66 0.7184737
150 126 0.6872528
150 128 0.56874037
150 368 0.002263339
150 182 0.85888314
150 342 0.8286564
150 349 0.26986286
150 358 0.9268428
150 226 0.19792813
150 151 0.26754612
150 268 0.9493089
150 307 0.3437524
150 165 0.7090723
150 301 0.8523282
150 308 0.34342515
150 347 0.6468659
150 394 0.5471026
151 13 0.46336603
151 53 0.818668
151 126 0.06706814
151 128 0.47034758
151 150 0.34148154
151 368 0.9079763
151 375 0.80953765
151 182 0.90470684
151 342 0.27711028
151 349 0.85075873
151 358 0.59340525
151 268 0.5777006
151 307 0.2760767
151 367 0.05643121
151 165 0.38361079
151 301 0.8187312
151 308 0.1560071
152 51 0.073380366
152 59 0.69345737
152 109 0.3021613
152 220 0.73686206
152 174 0.82015765
152 241 0.6768199
152 231 0.19749187
152 387 0.6050313
152 291 0.08027805
152 295 0.9449925
152 366 0.27482423
152 232 0.94859415
153 147 0.16701613
153 155 0.90170455
153 362 0.1606499
153 188 0.5320528
153 272 0.029451406
153 294 0.5789109
154 15 0.2748799
154 52 0.80046546
154 103 0.85514957
154 124 0.33204
154 137 0.002520218
154 167 0.71901065
154 235 0.7145981
154 245 0.80201745
154 310 0.33907437
155 53 0.9044871
155 111 0.7484178
155 147 0.890181
155 153 0.55866337
155 178 0.5924401
155 362 0.04331251
155 188 0.49512756
155 272 0.5157647
155 349 0.47873345
156 25 0.72111773
156 89 0.72015667
156 98 0.7524953
156 114 0.28062016
156 169 0.7041112
156 257 0.0657756
156 261 0.3706128
156 297 0.4476688
156 332 0.23255464
156 352 0.5951243
156 218 0.77246356
156 302 0.25039688
157 20 0.86496556
157 45 0.34523672
157 53 0.8222579
157 81 0.7841045
157 101 0.80378145
157 111 0.79455996
157 132 0.019987658
157 264 0.06601042
157 338 0.43547815
157 178 0.58876646
157 193 0.61148345
157 368 0.8332734
157 375 0.5111621
158 12 0.22646646
158 21 0.11653419
158 36 0.49410596
158 114 0.79712886
158 168 0.6572079
158 194 0.213671
158 199 0.74077386
158 218 0.7394956
158 302 0.023839371
158 324 0.40467632
158 230 0.36575136
158 383 0.19430487
158 316 0.6882048
159 43 0.7345721
159 50 0.83799565
159 57 0.3689204
159 88 0.94053227
159 92 0.49348584
159 242 0.4735902
159 395 0.32202446
159 190 0.5856642
159 384 0.32222196
159 240 0.74569523
160 4 0.22062938
160 69 0.07298522
160 122 0.4575283
160 280 0.32823446
160 354 0.52980757
160 373 0.11682062
160 161 0.61376935
160 259 0.85369194
160 340 0.58640194
160 392 0.10559263
161 4 0.16251531
161 69 0.4224134
161 110 0.58769155
161 122 0.46152085
161 133 0.5411766
161 160 0.74752945
161 373 0.6881896
161 225 0.2132055
161 259 0.3686242
161 340 0.10395667
161 392 0.45440477
161 233 0.14852172
162 49 0.47696927
162 117 0.930707
162 129 0.5691555
162 144 0.14912033
162 148 0.33636433
162 381 0.58573294
162 217 0.9145924
162 251 0.14559133
162 313 0.9052543
163 39 0.040173605
163 71 0.46921942
163 99 0.35628137
163 140 0.5228208
163 216 0.33907562
163 361 0.6871474
163 186 0.5915603
163 299 0.26643234
164 391 0.15872394
164 280 0.5374714
164 354 0.7362312
164 373 0.80204624
164 304 0.6271778
165 53 0.85426325
165 66 0.34063852
165 126 0.57193273
165 150 0.89825064
165 151 0.4200027
165 182 0.5538811
165 342 0.34523872
165 349 0.41221976
165 358 0.90882957
165 226 0.7702093
165 268 0.47849014
165 307 0.31688812
165 308 0.7921302
165 347 0.0956436
165 394 0.23373803
166 29 0.41991958
166 48 0.29546827
166 253 0.35010976
166 390 0.5986483
166 334 0.6636068
166 377 0.84148604
166 400 0.053391866
166 376 0.19346404
166 223 0.62518424
166 279 0.9077934
167 35 0.22779536
167 52 0.45256728
167 154 0.4961251
167 208 0.5746578
167 260 0.46658856
167 285 0.40585113
167 187 0.053795118
167 310 0.71873564
168 158 0.07602931
168 277 0.45335117
168 398 0.23150462
168 194 0.9170037
168 199 0.66149676
168 218 0.58094496
168 302 0.18205348
168 324 0.6657091
168 214 0.50502294
168 230 0.9385727
169 25 0.5535086
169 89 0.8427869
169 98 0.40940738
169 129 0.16821218
169 156 0.3467443
169 363 0.033070296
169 257 0.42604345
169 261 0.06843194
169 297 0.78788453
169 332 0.17925939
169 352 0.52252686
170 105 0.6108134
170 112 0.21839032
170 116 0.6244582
170 138 0.421133
170 196 0.85223895
170 186 0.07364799
170 220 0.4257447
170 399 0.91616017
170 319 0.9123843
170 387 0.13584329
171 17 0.7966967
171 32 0.2608501
171 42 0.6198906
171 60 0.18747443
171 64 0.8821718
171 113 0.50788325
171 140 0.5838681
171 195 0.31343156
171 203 0.8383821
171 326 0.189305
171 299 0.112623595
171 65 0.21893492
172 75 0.08916105
172 95 0.13001573
172 268 0.13694595
172 301 0.39745635
172 372 0.85968053
172 180 0.944833
172 335 0.15290557
172 339 0.5281053
172 239 0.8017302
173 5 0.15515393
173 26 0.26914698
173 33 0.45823872
173 99 0.8001847
173 105 0.49493247
173 216 0.6600228
173 196 0.45852628
173 276 0.739457
173 186 0.32919195
174 109 0.09271906
174 152 0.7473748
174 203 0.9131579
174 220 0.46181807
174 399 0.047621325
174 241 0.8303613
174 299 0.39545467
174 231 0.8978742
174 303 0.07346222
174 291 0.75781965
175 62 0.2978506
175 78 0.4592833
175 97 0.73515934
175 371 0.30804163
175 244 0.1950077
175 370 0.033382077
175 289 0.34572968
175 202 0.83338404
176 102 0.46203187
176 103 0.8516436
176 137 0.55086577
176 221 0.0077390047
176 265 0.16018486
176 273 0.096828505
176 351 0.040664636
176 267 0.80688864
176 365 0.9093343
177 13 0.23341458
177 20 0.06687361
177 22 0.4677697
177 67 0.60103786
177 80 0.5978411
177 115 0.13968474
177 128 0.28002048
177 278 0.14549607
177 355 0.25556087
177 367 0.9202785
178 45 0.3720947
178 70 0.20867519
178 76 0.18251796
178 81 0.80219585
178 101 0.8921239
178 111 0.7390758
178 147 0.77796835
178 155 0.2076983
178 157 0.39596704
178 264 0.7271735
178 338 0.24852821
178 193 0.59011114
179 83 0.5502691
179 94 0.79269993
179 102 0.74688166
179 198 0.3177968
179 183 0.13992256
180 75 0.17829672
180 172 0.22882688
180 268 0.3924934
180 301 0.11761023
180 347 0.2328288
180 335 0.2305204
180 339 0.34580204
180 306 0.3527267
181 16 0.62471277
181 61 0.067607
181 118 0.007870468
181 131 0.0325761
181 142 0.22381924
181 183 0.38830888
181 228 0.88962734
181 314 0.51686674
181 200 0.67928237
181 222 0.5778971
181 344 0.66835475
181 197 0.07398349
181 305 0.53438604
181 317 0.3040337
182 53 0.42982587
182 81 0.21603082
182 126 0.54703456
182 128 0.19997583
182 150 0.33956727
182 151 0.12525079
182 165 0.6122713
182 368 0.29753828
182 375 0.8568113
182 342 0.5678629
182 349 0.850877
182 358 0.78762096
182 307 0.22358035
182 308 0.9271705
182 394 0.1723764
183 16 0.6557948
183 61 0.37254116
183 83 0.8834321
183 118 0.15846302
183 131 0.8671131
183 142 0.20398462
183 179 0.2760914
183 181 0.31876954
183 327 0.5464627
183 228 0.8184075
183 314 0.74924314
183 222 0.6319866
183 344 0.9346423
183 197 0.9483465
183 305 0.3309561
183 317 0.51977545
184 72 0.60902315
184 104 0.49156064
184 108 0.8409599
184 127 0.049872182
184 201 0.496069
184 337 0.6720546
184 312 0.09515055
184 293 0.2969294
185 85 0.8517368
185 107 0.6677933
185 327 0.094969325
185 252 0.10120142
185 228 0.1964116
185 200 0.66191196
185 288 0.6205657
186 5 0.12338484
186 33 0.057939176
186 71 0.82027346
186 99 0.53388846
186 105 0.54259074
186 112 0.3790875
186 163 0.69531524
186 170 0.91532147
186 173 0.17667525
186 216 0.8170014
186 196 0.10303947
186 276 0.13777694
186 399 0.78101397
187 41 0.08620755
187 79 0.3905801
187 167 0.21858858
187 260 0.66349727
187 323 0.57590675
187 250 0.11739198
188 126 0.58433366
188 147 0.116834134
188 153 0.91097283
188 155 0.3023749
188 362 0.8474151
188 272 0.8864743
188 294 0.26314184
188 349 0.86657554
188 226 0.41496834
189 34 0.89109653
189 47 0.47214133
189 77 0.25597742
189 90 0.52663875
189 123 0.6216182
189 206 0.22113363
189 329 0.24483074
189 397 0.6924013
190 50 0.61285126
190 145 0.48406154
190 159 0.83473426
190 191 0.31258225
190 246 0.11690391
191 1 0.25940856
191 58 0.8104547
191 63 0.04895407
191 73 0.5517358
191 145 0.040094737
191 190 0.24848695
191 290 0.6801783
191 246 0.2821745
191 385 0.049508926
191 277 0.92202014
191 398 0.5188206
191 324 0.22083285
192 21 0.17679988
192 36 0.3219685
192 141 0.7133943
192 230 0.4558195
192 281 0.40474847
192 383 0.08722919
192 300 0.80977756
192 258 0.53278583
192 263 0.5313862
192 292 0.9043999
192 236 0.26138684
192 378 0.54248565
193 45 0.35885057
193 70 0.35754195
193 76 0.055862024
193 81 0.014253123
193 101 0.15062462
193 111 0.39749163
193 157 0.70776534
193 178 0.084953465
193 233 0.1884154
193 264 0.16526587
193 338 0.86671686
194 158 0.5991054
194 168 0.690787
194 277 0.82719725
194 398 0.17243922
194 199 0.34352788
194 218 0.70514363
194 302 0.32140034
194 324 0.5077803
194 230 0.5098422
195 17 0.25261328
195 32 0.17359537
195 42 0.61917657
195 60 0.3750297
195 64 0.037519258
195 113 0.7573945
195 171 0.5646732
195 254 0.8969495
195 326 0.8544491
195 65 0.8528753
196 5 0.81534964
196 33 0.9334921
196 105 0.48766577
196 112 0.87397194
196 116 0.37027347
196 138 0.6376335
196 170 0.27894646
196 173 0.52664596
196 186 0.21608976
196 276 0.7568695
196 399 0.7305581
196 387 0.74810904
197 16 0.024854047
197 61 0.68055594
197 118 0.7210666
197 131 0.6924422
197 142 0.7646212
197 181 0.618732
197 183 0.75517666
197 228 0.8032341
197 314 0.9398039
197 200 0.8524461
197 222 0.8237768
197 344 0.80039966
197 238 0.91670376
197 305 0.83910793
197 317 0.06023254
197 217 0.7869328
198 41 0.4354977
198 79 0.16592695
198 94 0.08212626
198 179 0.5976823
198 221 0.11974612
198 265 0.5720112
198 273 0.7832863
198 351 0.2011898
198 389 0.1251463
199 21 0.1629997
199 25 0.5534292
199 114 0.8996407
199 158 0.32326028
199 168 0.271509
199 194 0.67662925
199 277 0.7080054
199 218 0.1133376
199 302 0.62539804
199 324 0.047677923
199 230 0.3734783
200 117 0.3075093
200 148 0.1547545
200 181 0.48867464
200 185 0.62498724
200 197 0.72660476
200 327 0.71608895
200 252 0.8680162
200 228 0.13215753
200 314 0.17292331
200 288 0.46113986
201 40 0.13852909
201 72 0.8392873
201 104 0.14104135
201 108 0.09452158
201 127 0.8759639
201 184 0.33592084
201 376 0.23688726
201 223 0.17088152
201 337 0.8023929
202 7 0.100024015
202 62 0.73792154
202 78 0.6680612
202 97 0.77168435
202 125 0.042829342
202 175 0.2890947
202 244 0.46518055
202 289 0.35534278
202 237 0.43303868
202 330 0.8265876
203 17 0.11402836
203 32 0.09359551
203 42 0.58667886
203 60 0.83116335
203 113 0.6974164
203 140 0.15017067
203 171 0.09042133
203 174 0.33950138
203 326 0.82973963
203 241 0.8988156
203 299 0.65971667
203 213 0.17341085
203 231 0.8517292
203 271 0.6910902
203 283 0.03595212
203 303 0.1043534
204 313 0.2222036
204 243 0.34204122
205 2 0.85985374
205 68 0.18482462
205 82 0.07500447
205 96 0.36690876
205 136 0.5784219
205 146 0.4275094
205 263 0.28068286
205 325 0.59858644
205 356 0.07527244
205 380 0.3658631
205 388 0.87067026
205 396 0.1218921
205 298 0.13936047
206 47 0.30762053
206 77 0.19030613
206 123 0.036872115
206 189 0.5236878
206 329 0.34404615
207 121 0.87847775
207 134 0.35825068
207 274 0.3257065
207 296 0.14181021
207 229 0.8172547
207 359 0.18960162
207 364 0.63767475
208 35 0.4328118
208 167 0.76873666
208 260 0.85463053
208 285 0.27863085
209 30 0.12173467
209 54 0.37562883
209 85 0.22264148
209 93 0.31650832
209 107 0.779029
209 139 0.35265645
209 328 0.061290454
209 345 0.77527696
209 275 0.45010903
210 10 0.34668168
210 134 0.39728218
210 249 0.61100006
210 227 0.4588595
210 248 0.54649746
210 274 0.03803737
210 296 0.3012676
210 382 0.47153887
210 232 0.27611724
210 371 0.46504426
210 256 0.8543449
211 7 0.046666835
211 55 0.59928036
211 215 0.9303045
211 237 0.023846311
211 287 0.2632577
211 330 0.5505062
211 379 0.47166014
211 350 0.40789014
212 116 0.30924025
212 121 0.1505126
212 138 0.6451449
212 319 0.4137073
212 249 0.77543116
212 270 0.27894163
212 315 0.6930165
212 357 0.01759483
213 11 0.90687966
213 51 0.2490807
213 60 0.5918799
213 145 0.033628676
213 203 0.19996995
213 348 0.29712534
213 219 0.289399
213 231 0.4784396
213 271 0.42081293
213 283 0.55115926
213 303 0.26055875
214 88 0.4521536
214 119 0.35112303
214 141 0.1333135
214 168 0.6492877
214 384 0.17008701
214 281 0.4613399
214 269 0.6299178
214 292 0.346621
215 7 0.030977756
215 97 0.72986424
215 211 0.9351223
215 237 0.404067
215 287 0.8593902
215 330 0.7668016
215 379 0.8178955
216 26 0.8780258
216 33 0.114842735
216 71 0.28468665
216 99 0.93134874
216 105 0.10795193
216 140 0.27749434
216 163 0.36548465
216 173 0.47573093
216 186 0.9289926
216 361 0.82540166
217 49 0.8757291
217 117 0.13742198
217 142 0.93927777
217 162 0.38112354
217 197 0.68479764
217 305 0.89444923
217 251 0.12857115
218 156 0.8862533
218 158 0.746747
218 168 0.117265515
218 194 0.81313074
218 199 0.5404713
218 277 0.7935296
218 398 0.7613427
218 302 0.16957109
218 324 0.5892759
219 11 0.92106324
219 145 0.42120236
219 213 0.5325356
219 326 0.8400338
219 348 0.7698361
219 271 0.46956915
219 283 0.87545884
220 109 0.33213332
220 112 0.6450591
220 152 0.14159572
220 170 0.011074284
220 174 0.33339125
220 399 0.2903563
220 241 0.48495275
220 319 0.10997676
220 387 0.8225788
220 291 0.30451256
221 102 0.09031757
221 103 0.047095105
221 176 0.85084206
221 198 0.28534338
221 265 0.75534964
221 273 0.9319088
221 351 0.6068414
221 267 0.20502312
221 365 0.27808085
222 16 0.28189334
222 42 0.2400587
222 61 0.70897716
222 64 0.7153532
222 118 0.44706434
222 131 0.87384695
222 142 0.7031077
222 181 0.5945985
222 183 0.83582616
222 197 0.0039509153
222 314 0.8852014
222 254 0.9318798
222 344 0.48066315
222 238 0.8923218
222 305 0.42146006
222 317 0.89697784
223 40 0.03482082
223 125 0.38353196
223 166 0.6514163
223 201 0.5089149
223 377 0.46627805
223 376 0.8218253
223 279 0.8588939
223 337 0.94977516
224 91 0.6889953
224 127 0.8747793
224 149 0.12737086
224 279 0.77066916
224 337 0.94417477
224 312 0.6390658
225 12 0.837651
225 25 0.8755077
225 69 0.31791094
225 98 0.5066329
225 110 0.28978434
225 114 0.08865087
225 133 0.38447857
225 161 0.69416904
225 363 0.5326473
225 257 0.8328029
225 261 0.054151196
225 332 0.37793705
226 66 0.6329907
226 126 0.34550983
226 150 0.94641733
226 165 0.5342445
226 188 0.93333864
226 362 0.1982017
226 342 0.25484794
226 349 0.87778056
226 308 0.3298352
226 394 0.17558035
227 10 0.7121522
227 134 0.61031127
227 210 0.24687128
227 249 0.46079385
227 248 0.4318777
227 274 0.6922244
227 296 0.89251155
227 382 0.61965513
227 371 0.2461534
228 16 0.44807035
228 61 0.20840532
228 131 0.522911
228 142 0.5922793
228 181 0.86934924
228 183 0.1183258
228 185 0.54247606
228 197 0.21939252
228 200 0.34450564
228 327 0.23240694
228 314 0.75630116
228 305 0.040514853
229 121 0.4672396
229 134 0.8492083
229 207 0.76817805
229 249 0.078200676
229 270 0.3425348
229 357 0.020206073
229 274 0.50391155
229 296 0.6739273
229 382 0.0395603
229 359 0.8188794
229 364 0.3333234
230 21 0.68177223
230 36 0.37430888
230 158 0.41851625
230 168 0.04431388
230 192 0.49054763
230 194 0.23786353
230 199 0.14346446
230 302 0.55625015
230 281 0.87900466
230 383 0.33683085
230 300 0.71775323
230 316 0.53211874
230 258 0.18167342
231 51 0.19370444
231 109 0.48138025
231 152 0.3823652
231 174 0.2963914
231 203 0.3077863
231 213 0.57742935
231 241 0.8830922
231 271 0.43066916
231 283 0.42618334
231 303 0.5576977
231 291 0.14653002
231 242 0.8798035
231 366 0.30767477
231 395 0.36652973
232 10 0.24526525
232 59 0.42435753
232 109 0.6102042
232 152 0.24002454
232 210 0.8997006
232 295 0.1144967
232 366 0.005565132
233 70 0.019381708
233 76 0.08619892
233 110 0.708122
233 122 0.53087574
233 161 0.11611506
233 193 0.2569155
233 392 0.68331236
233 386 0.21477255
233 264 0.30176142
234 37 0.025278341
234 74 0.47638026
234 106 0.91738033
234 130 0.0050060297
234 309 0.2840682
234 331 0.16230568
235 15 0.39394522
235 52 0.7885164
235 56 0.022733906
235 103 0.32784954
235 124 0.34749007
235 137 0.41985273
235 154 0.8504877
235 245 0.094971575
235 310 0.011912342
236 36 0.073653996
236 115 0.47025782
236 192 0.35723308
236 281 0.33703163
236 383 0.72476757
236 300 0.91474795
236 258 0.42667148
236 263 0.62405336
236 292 0.5941035
236 282 0.6779018
236 378 0.40281358
237 7 0.30388018
237 55 0.5967071
237 62 0.5976523
237 97 0.47109413
237 202 0.47328535
237 211 0.16466245
237 215 0.21535563
237 289 0.78601277
237 287 0.50319564
237 330 0.49036536
237 379 0.022630492
237 350 0.60960567
238 16 0.94382954
238 42 0.8330977
238 64 0.7630628
238 118 0.111121945
238 142 0.10569521
238 197 0.48654324
238 222 0.5198559
238 344 0.033445325
238 305 0.68813306
238 317 0.5581325
238 326 0.6872656
238 348 0.80099326
239 44 0.63952976
239 95 0.3727039
239 172 0.7681438
239 372 0.83654976
239 335 0.18542786
240 28 0.49966967
240 88 0.12018034
240 159 0.78655696
240 384 0.032975238
240 400 0.28668153
240 269 0.50558424
241 71 0.7199594
241 109 0.049085326
241 152 0.39113295
241 174 0.43936947
241 203 0.3962675
241 220 0.33649912
241 231 0.1271857
241 399 0.20697194
241 299 0.48872203
241 303 0.20157534
241 291 0.8099675
242 43 0.40502477
242 50 0.27612987
242 51 0.11627371
242 57 0.43021974
242 59 0.6498987
242 92 0.5999273
242 109 0.91034794
242 159 0.3378184
242 231 0.49841756
242 366 0.7146277
242 395 0.47260153
242 286 0.37310985
243 4 0.65770626
243 69 0.11758253
243 98 0.31217378
243 133 0.16348743
243 204 0.28599614
243 363 0.29732525
243 280 0.9257284
243 373 0.71482325
243 257 0.6201791
244 14 0.16876923
244 48 0.122155845
244 62 0.7542097
244 78 0.27475598
244 125 0.8980805
244 175 0.6122792
244 202 0.89171225
244 371 0.8316823
244 256 0.6815844
244 370 0.2621216
244 289 0.10773382
244 376 0.44796914
245 15 0.48598075
245 56 0.6599705
245 124 0.1194827
245 154 0.67624825
245 235 0.032045323
245 310 0.7841253
246 1 0.69855607
246 58 0.8344364
246 63 0.7052637
246 73 0.12195123
246 145 0.9149943
246 190 0.11929915
246 191 0.87053585
246 385 0.17732705
246 277 0.041702904
246 398 0.6874085
247 93 0.21486163
247 139 0.40518388
247 144 0.04918361
247 252 0.08361856
247 288 0.33210093
247 381 0.6183071
247 284 0.16991167
247 318 0.7536565
247 360 0.55108744
248 134 0.7037275
248 210 0.7032169
248 227 0.8272405
248 319 0.46107998
248 249 0.4898624
248 315 0.21185279
248 274 0.5209874
248 296 0.3731624
248 382 0.4619189
249 121 0.8838583
249 134 0.78152865
249 210 0.7423725
249 212 0.08486913
249 227 0.8963969
249 229 0.05280321
249 248 0.5571614
249 319 0.5769397
249 270 0.7073072
249 315 0.1836881
249 357 0.5327108
249 274 0.36020795
249 296 0.11578722
249 382 0.48032567
249 359 0.50256217
249 364 0.70548016
250 41 0.011833388
250 79 0.70178306
250 187 0.77088475
250 323 0.2587631
250 346 0.3792937
251 49 0.17007375
251 117 0.04859974
251 129 0.15787897
251 148 0.38073748
251 162 0.8669874
251 217 0.47183412
252 85 0.66649425
252 93 0.63058954
252 107 0.6654507
252 139 0.09666278
252 148 0.06453154
252 185 0.19034943
252 200 0.03962995
252 247 0.7571799
252 288 0.51061755
252 381 0.84005946
253 29 0.41488364
253 43 0.2510268
253 48 0.20752983
253 57 0.104016
253 92 0.30254897
253 166 0.7145354
253 366 0.24996427
253 286 0.75241584
253 390 0.2900011
253 334 0.34134468
254 32 0.8200513
254 64 0.42059436
254 102 0.23242573
254 195 0.803056
254 222 0.70434636
254 365 0.4545035
254 65 0.9495959
255 46 0.34300002
255 369 0.7410314
256 10 0.1087286
256 14 0.783917
256 48 0.26870674
256 78 0.64304954
256 125 0.36860323
256 210 0.25764844
256 244 0.72534955
256 371 0.47788754
256 370 0.4380536
256 334 0.09206134
257 25 0.6378332
257 69 0.6343573
257 98 0.9288121
257 133 0.8785731
257 156 0.5883587
257 169 0.73683167
257 225 0.8003554
257 243 0.91616005
257 363 0.29782906
257 261 0.51261353
257 297 0.59824544
257 332 0.05151902
257 352 0.85691875
258 36 0.44465727
258 115 0.24736619
258 192 0.90763783
258 230 0.049607176
258 236 0.3945143
258 281 0.22420855
258 383 0.17958423
258 300 0.58554465
258 263 0.26570895
258 292 0.1249741
258 282 0.9195343
258 378 0.8728854
259 4 0.72780496
259 122 0.15461467
259 160 0.25274262
259 161 0.33321428
259 280 0.17640603
259 373 0.3889905
259 340 0.5864295
259 392 0.08137067
260 167 0.87648433
260 187 0.31791764
260 208 0.62597436
260 285 0.67820096
260 323 0.64467955
261 12 0.6462521
261 25 0.360688
261 98 0.78987867
261 114 0.75690764
261 133 0.53604865
261 156 0.8581479
261 169 0.49899313
261 225 0.26443794
261 257 0.6857581
261 297 0.61560714
261 332 0.7508794
261 352 0.8424612
262 31 0.18605281
262 34 0.58778477
262 47 0.58041817
262 77 0.8274416
262 90 0.37872496
262 397 0.09480256
262 391 0.4950487
263 36 0.84225595
263 68 0.7855546
263 82 0.30148694
263 119 0.48137078
263 192 0.5430845
263 205 0.57324785
263 236 0.8797239
263 258 0.36646327
263 281 0.36877573
263 292 0.36549282
263 282 0.5625223
263 378 0.30121815
263 396 0.90156716
264 70 0.5468848
264 76 0.020305298
264 101 0.69312656
264 110 0.9228124
264 111 0.48262885
264 157 0.18526962
264 178 0.68012315
264 193 0.6953622
264 233 0.38967443
264 338 0.57769024
265 52 0.7114206
265 79 0.33732712
265 176 0.5447734
265 198 0.8336668
265 221 0.5836512
265 310 0.11540789
265 273 0.7570394
265 351 0.80278826
265 267 0.47813958
266 1 0.303961
266 11 0.75187963
266 58 0.048797153
266 63 0.6575805
266 73 0.44924518
266 84 0.28123012
266 348 0.2695115
266 290 0.86020476
266 385 0.6843653
267 102 0.79627335
267 103 0.39280295
267 137 0.19565512
267 176 0.01995768
267 221 0.29409522
267 265 0.28906727
267 273 0.77299213
267 351 0.6648959
267 365 0.010254723
268 13 0.6702173
268 66 0.6885816
268 128 0.65882957
268 150 0.19392666
268 151 0.5681544
268 165 0.6949057
268 172 0.14068091
268 180 0.947638
268 358 0.93196374
268 307 0.6631741
268 301 0.8932415
268 308 0.41212216
268 347 0.1500746
269 88 0.29465836
269 119 0.19032185
269 141 0.29521123
269 214 0.044967752
269 240 0.6206372
269 384 0.8342496
270 121 0.7564683
270 212 0.85355383
270 229 0.011593702
270 249 0.34054837
270 315 0.9254123
270 357 0.07708045
270 382 0.712842
270 364 0.71550256
271 11 0.32901755
271 51 0.22787774
271 60 0.8275668
271 203 0.3774997
271 213 0.18553054
271 219 0.18420126
271 231 0.58041114
271 348 0.36510855
271 283 0.19428848
271 303 0.41288644
271 291 0.13955463
272 147 0.12493996
272 153 0.20363015
272 155 0.34912106
272 188 0.9390268
272 362 0.7879868
272 294 0.5863729
273 52 0.12439841
273 103 0.5799673
273 137 0.2045781
273 176 0.5855811
273 198 0.45131695
273 221 0.9030629
273 265 0.62699246
273 267 0.6110975
273 310 0.68362784
273 351 0.58708507
274 121 0.24596326
274 134 0.411178
274 207 0.1055729
274 210 0.13251546
274 227 0.46720523
274 229 0.5082724
274 248 0.68250984
274 249 0.24875218
274 315 0.47887436
274 296 0.85373974
274 382 0.42286175
274 359 0.48946923
274 364 0.5359584
274 371 0.37555638
275 9 0.14888172
275 19 0.3585047
275 54 0.8020282
275 135 0.36650017
275 209 0.56492907
275 345 0.67359346
275 353 0.1774017
275 393 0.7410781
276 5 0.61696255
276 26 0.9137092
276 33 0.29547203
276 105 0.07900985
276 138 0.007843868
276 173 0.056635775
276 186 0.36490026
276 196 0.6590281
277 1 0.8456453
277 168 0.8913701
277 191 0.85378057
277 194 0.60159796
277 199 0.8515171
277 218 0.31657302
277 246 0.88959855
277 385 0.062595226
277 398 0.10338277
277 302 0.034821305
277 324 0.8434984
278 20 0.28356397
278 45 0.6074596
278 101 0.80861676
278 115 0.31481323
278 132 0.27421606
278 177 0.5553752
278 355 0.4533811
279 28 0.6073013
279 40 0.6586787
279 91 0.5352562
279 166 0.047477227
279 223 0.7557512
279 224 0.51920146
279 377 0.3697044
279 400 0.32870325
279 376 0.36579546
279 337 0.47233278
280 4 0.35060027
280 69 0.7218564
280 160 0.12696528
280 164 0.58298415
280 243 0.14785947
280 259 0.13612138
280 354 0.83807737
280 373 0.03453589
280 304 0.716731
280 340 0.45684117
281 36 0.12734829
281 119 0.14925084
281 141 0.6569769
281 192 0.17071056
281 214 0.62753606
281 230 0.7616412
281 236 0.3232047
281 258 0.7234776
281 263 0.04774471
281 383 0.3169673
281 300 0.75554764
281 292 0.34724593
281 378 0.011474488
282 68 0.020700341
282 115 0.1374618
282 236 0.55333924
282 258 0.042990446
282 263 0.8663687
282 378 0.9347159
282 396 0.24400124
282 298 0.49495152
282 374 0.4647528
283 11 0.37425423
283 60 0.044898707
283 203 0.94115937
283 213 0.049636845
283 219 0.3200719
283 231 0.30681565
283 271 0.46996245
283 326 0.03100107
283 348 0.12812105
283 303 0.390747
284 18 0.43491715
284 144 0.81819946
284 148 0.7113327
284 247 0.6189152
284 381 0.11418243
284 318 0.7755814
284 360 0.49047035
284 313 0.8964426
285 35 0.00939791
285 52 0.20605227
285 167 0.62478185
285 208 0.5557682
285 260 0.25255448
286 29 0.35372898
286 43 0.6416562
286 50 0.39708036
286 57 0.67642355
286 59 0.88572615
286 92 0.016065406
286 242 0.20858742
286 253 0.92466927
286 366 0.10149254
286 395 0.34033015
286 390 0.6818446
286 334 0.66651684
287 7 0.9178845
287 55 0.11905323
287 97 0.5227808
287 211 0.24622619
287 215 0.12205098
287 237 0.8037893
287 330 0.08826445
287 379 0.09781107
287 350 0.3689974
288 117 0.19350202
288 144 0.045748625
288 148 0.70216393
288 185 0.7366546
288 200 0.10102838
288 247 0.7807299
288 252 0.088787034
288 381 0.4813875
289 62 0.1984566
289 97 0.025737641
289 175 0.15088949
289 202 0.8520134
289 237 0.28425485
289 244 0.11000634
290 1 0.516545
290 58 0.92734593
290 63 0.32121488
290 73 0.21671315
290 84 0.87635076
290 89 0.58625394
290 191 0.56174386
290 266 0.31460145
290 385 0.15039578
291 51 0.035975866
291 59 0.15447353
291 109 0.010367672
291 152 0.39628905
291 174 0.30554876
291 220 0.04528814
291 231 0.19189385
291 241 0.8221008
291 271 0.61283404
291 303 0.94290084
291 295 0.7457656
291 366 0.31982398
292 36 0.74356925
292 82 0.16346066
292 119 0.9330697
292 141 0.7982962
292 192 0.15869613
292 214 0.49719262
292 236 0.43037412
292 258 0.5458375
292 263 0.30795747
292 281 0.5948769
292 378 0.87309027
292 396 0.21521194
293 104 0.519247
293 108 0.25299263
293 127 0.6690389
293 184 0.24896385
293 337 0.38040957
293 312 0.5473816
294 38 0.24633694
294 153 0.51614636
294 188 0.36519065
294 272 0.91355157
294 362 0.5083153
295 10 0.29676276
295 51 0.80181915
295 59 0.12914062
295 109 0.37532207
295 152 0.21448486
295 232 0.93152565
295 291 0.7408745
295 366 0.29431984
296 121 0.26524088
296 134 0.6589113
296 207 0.8791986
296 210 0.7075994
296 227 0.5248993
296 229 0.21394074
296 248 0.91461676
296 249 0.7859525
296 274 0.36091626
296 315 0.338235
296 382 0.80398494
296 359 0.6309178
296 364 0.26804817
296 371 0.24081378
297 12 0.8597326
297 25 0.4058234
297 98 0.01642099
297 114 0.70746213
297 133 0.9191485
297 156 0.44251397
297 169 0.11577751
297 257 0.00838067
297 261 0.5260177
297 332 0.85004103
297 352 0.64984035
298 68 0.93848
298 136 0.71542406
298 205 0.64183295
298 282 0.34965235
298 388 0.20031607
298 396 0.37536854
298 374 0.2757095
299 17 0.27999386
299 60 0.030499665
299 71 0.37698737
299 113 0.14758177
299 140 0.34252143
299 163 0.4860234
299 171 0.33136463
299 174 0.09555339
299 203 0.7943815
299 241 0.39637685
299 399 0.6771292
300 21 0.7788671
300 36 0.47811157
300 115 0.10163871
300 192 0.16416453
300 230 0.7860465
300 236 0.59594935
300 258 0.101415426
300 281 0.60931855
300 383 0.3123015
300 316 0.53113884
300 378 0.8582097
301 66 0.899898
301 75 0.3621101
301 150 0.62336797
301 151 0.49854392
301 172 0.63559467
301 180 0.6410135
301 268 0.18508336
301 307 0.22867507
301 308 0.40392444
301 347 0.7117945
301 335 0.40529373
301 339 0.39687786
302 21 0.3539226
302 25 0.89902157
302 114 0.90158176
302 156 0.9262908
302 158 0.6883203
302 168 0.34943712
302 194 0.34901902
302 199 0.40175053
302 218 0.7197038
302 230 0.098752715
302 277 0.9361863
302 324 0.33490396
303 51 0.14052574
303 109 0.82115704
303 174 0.09977193
303 203 0.6342917
303 213 0.763851
303 231 0.58972406
303 241 0.684704
303 271 0.7938775
303 283 0.04687994
303 291 0.63247013
304 164 0.29791424
304 280 0.92316115
304 391 0.5692126
304 354 0.37526315
304 373 0.29067805
304 320 0.7238928
305 16 0.28639436
305 61 0.42527756
305 118 0.43117738
305 131 0.24292675
305 142 0.35537192
305 181 0.328185
305 183 0.34915522
305 197 0.3696471
305 217 0.114032626
305 222 0.2516489
305 228 0.015072925
305 238 0.8980703
305 314 0.3351855
305 344 0.45316026
305 317 0.6026445
306 66 0.398103
306 75 0.34072182
306 180 0.043521166
306 308 0.41444373
306 347 0.5708743
306 394 0.0010104609
306 339 0.82806134
307 13 0.8125122
307 128 0.5122878
307 150 0.21075885
307 151 0.5825344
307 165 0.40517017
307 182 0.773395
307 268 0.86920005
307 301 0.086128876
307 368 0.7798113
307 342 0.18907629
307 358 0.9142468
307 367 0.6232045
307 308 0.6038432
307 347 0.033621766
308 66 0.25006697
308 126 0.11123145
308 150 0.7346611
308 151 0.8247056
308 165 0.8384612
308 182 0.71018696
308 226 0.5240071
308 268 0.3330947
308 301 0.17769097
308 306 0.76841116
308 307 0.828012
308 342 0.010693942
308 349 0.84325
308 358 0.6254646
308 347 0.55746603
308 394 0.12274176
309 31 0.22200471
309 34 0.05842165
309 37 0.9072375
309 74 0.52607477
309 106 0.119740546
309 234 0.039900817
309 341 0.037504617
309 343 0.060510088
310 15 0.34797552
310 52 0.76568854
310 103 0.08497843
310 124 0.258996
310 137 0.84347355
310 154 0.09643582
310 167 0.6782281
310 235 0.46346426
310 245 0.2386175
310 265 0.08960315
310 273 0.75724554
310 351 0.40929464
311 3 0.9124428
311 87 0.49694526
311 322 0.023586288
312 91 0.2624747
312 108 0.38212192
312 127 0.42900592
312 184 0.76033914
312 224 0.16590023
312 293 0.5630068
312 337 0.4479014
313 144 0.9488457
313 162 0.74432176
313 204 0.45356175
313 284 0.88737154
313 360 0.8669064
314 16 0.65014446
314 61 0.6887164
314 118 0.37697634
314 131 0.550925
314 142 0.022015067
314 181 0.10070916
314 183 0.94494796
314 197 0.7101013
314 200 0.5084266
314 222 0.0060077296
314 228 0.37727475
314 305 0.6643983
314 344 0.12870623
314 317 0.42466798
315 116 0.046801873
315 212 0.13771316
315 248 0.35452712
315 249 0.5569663
315 270 0.07244705
315 274 0.25802627
315 296 0.78311956
315 319 0.7829501
315 387 0.6434607
315 357 0.20329164
315 382 0.8846854
316 12 0.8559318
316 21 0.30594933
316 101 0.8528968
316 114 0.2116679
316 158 0.3896505
316 230 0.23350105
316 300 0.10693866
317 16 0.53038
317 61 0.49534875
317 118 0.21195544
317 131 0.634741
317 142 0.08501467
317 181 0.26277417
317 183 0.5869716
317 197 0.2738235
317 222 0.49924508
317 238 0.37161565
317 305 0.62189555
317 314 0.5822634
317 344 0.7265853
318 18 0.35617584
318 100 0.67014474
318 120 0.64370334
318 247 0.35096645
318 284 0.85493886
318 381 0.84175694
318 360 0.060173407
319 112 0.08569929
319 116 0.32501665
319 170 0.5684178
319 212 0.6365313
319 220 0.09699668
319 248 0.67340577
319 249 0.57394683
319 315 0.53718644
319 387 0.6678138
320 86 0.7567498
320 130 0.7436976
320 304 0.4332236
320 331 0.6226023
321 38 0.8298599
321 86 0.9199446
321 336 0.26791635
322 3 0.20814165
322 87 0.7666964
322 311 0.85723305
323 41 0.7119514
323 79 0.7997261
323 187 0.93916965
323 250 0.682867
323 260 0.34885982
323 346 0.05682388
324 1 0.4675714
324 158 0.6200156
324 168 0.34323078
324 191 0.70241964
324 194 0.64662504
324 199 0.6971341
324 218 0.43943706
324 277 0.19666836
324 302 0.9276804
324 385 0.69300693
324 398 0.89062345
325 2 0.7517297
325 24 0.4954809
325 96 0.09605876
325 136 0.10837068
325 146 0.24853514
325 149 0.31243688
325 205 0.08122601
325 356 0.07922313
325 380 0.23222728
325 388 0.15751182
325 396 0.2727856
326 11 0.30581695
326 17 0.39935488
326 32 0.09871781
326 42 0.88869816
326 60 0.35347468
326 64 0.31642517
326 171 0.23679183
326 195 0.754122
326 203 0.6240969
326 219 0.41855198
326 238 0.29643726
326 283 0.24840602
326 348 0.21687232
327 94 0.40659305
327 183 0.4715051
327 185 0.6318244
327 200 0.69798833
327 228 0.5366907
327 143 0.282839
328 30 0.4652301
328 54 0.51687014
328 209 0.8352647
328 345 0.25570273
329 34 0.25877407
329 47 0.8939247
329 77 0.38369924
329 90 0.45334578
329 123 0.5834365
329 189 0.13176961
329 206 0.72711915
330 7 0.4434273
330 55 0.31630477
330 62 0.109015346
330 72 0.2685674
330 97 0.2909192
330 202 0.73400635
330 211 0.94836307
330 215 0.7566704
330 237 0.61860025
330 287 0.4471262
330 379 0.63497436
330 350 0.7885898
331 74 0.8766574
331 86 0.72903377
331 130 0.1797481
331 234 0.066707484
331 320 0.5122841
332 12 0.37767723
332 25 0.2604084
332 69 0.15666106
332 98 0.7129937
332 110 0.8372062
332 114 0.03561484
332 133 0.66007334
332 156 0.1310395
332 169 0.30497375
332 225 0.92873424
332 257 0.30938396
332 261 0.75270575
332 297 0.6529916
332 363 0.6683411
332 352 0.502954
333 8 0.8631792
333 9 0.72288525
333 19 0.76100767
333 120 0.49011424
333 135 0.44717762
333 353 0.31776565
333 393 0.9406056
334 10 0.028566245
334 14 0.5757914
334 29 0.27042195
334 48 0.9053666
334 57 0.06554515
334 92 0.5262556
334 166 0.3901199
334 253 0.8167125
334 256 0.15268353
334 286 0.28019628
334 390 0.3121392
334 370 0.63016325
335 75 0.16102752
335 95 0.7367255
335 172 0.06448888
335 180 0.06820033
335 239 0.597514
335 301 0.9238416
335 339 0.21940704
336 38 0.44557035
336 321 0.3998292
336 386 0.70697045
337 40 0.84882665
337 108 0.123581044
337 127 0.64392114
337 184 0.32343796
337 201 0.12976043
337 223 0.330404
337 224 0.12382249
337 279 0.8979146
337 293 0.7217381
337 312 0.4807451
338 45 0.5039338
338 70 0.7454177
338 76 0.48591116
338 101 0.52112085
338 110 0.17478086
338 111 0.88422066
338 132 0.88417745
338 157 0.25521684
338 178 0.8259962
338 193 0.5358598
338 264 0.3351522
339 75 0.65464294
339 172 0.40220314
339 180 0.8095175
339 301 0.62095094
339 306 0.009285669
339 335 0.28232172
339 347 0.5699416
340 4 0.28017014
340 122 0.4040766
340 160 0.17962585
340 161 0.4086365
340 259 0.5012449
340 280 0.08645583
340 373 0.7951944
340 392 0.7362238
341 6 0.27005777
341 31 0.28528103
341 309 0.8827442
341 343 0.33787632
342 53 0.9093703
342 66 0.71432525
342 126 0.091893405
342 150 0.94664377
342 151 0.15086071
342 165 0.24684851
342 182 0.041467186
342 226 0.36259606
342 307 0.22681135
342 308 0.91987664
342 362 0.4503572
342 368 0.47322264
342 349 0.41960534
342 358 0.83348423
342 347 0.17383817
342 394 0.49035743
343 6 0.044740297
343 31 0.086885154
343 34 0.89539206
343 309 0.50627726
343 341 0.4622979
344 16 0.45174515
344 42 0.7259027
344 61 0.52680117
344 64 0.6169445
344 118 0.7149605
344 131 0.90551233
344 142 0.05792921
344 181 0.7228423
344 183 0.69748837
344 197 0.49041623
344 222 0.6910885
344 238 0.14151955
344 305 0.6186814
344 314 0.82189643
344 317 0.34578344
345 30 0.70706236
345 54 0.25882187
345 85 0.69976366
345 93 0.16582324
345 139 0.339365
345 209 0.6912626
345 275 0.34413263
345 328 0.86960745
345 353 0.5065016
346 41 0.25526947
346 79 0.18586114
346 250 0.83163005
346 323 0.55693233
347 66 0.35464376
347 75 0.6880436
347 150 0.63854474
347 165 0.8878488
347 180 0.19107957
347 268 0.862524
347 301 0.8304049
347 306 0.48329556
347 307 0.7917965
347 308 0.9447017
347 339 0.22466588
347 342 0.4506402
347 394 0.9319587
348 11 0.46404237
348 145 0.6433757
348 213 0.19233488
348 219 0.15836786
348 238 0.7930049
348 266 0.5924867
348 271 0.074885145
348 283 0.27528945
348 326 0.46000442
349 53 0.9044461
349 126 0.31133
349 147 0.0024111015
349 150 0.17787954
349 151 0.4683497
349 155 0.651584
349 165 0.7180791
349 182 0.030765852
349 188 0.22230706
349 226 0.14946514
349 308 0.8523032
349 342 0.18655619
349 362 0.43748295
349 368 0.85007364
349 358 0.013034122
349 394 0.85756314
350 7 0.885112
350 55 0.25963184
350 72 0.83280575
350 104 0.18161449
350 211 0.14300741
350 237 0.4230999
350 287 0.5386452
350 330 0.2679237
350 379 0.74873763
351 52 0.06047777
351 102 0.8716882
351 103 0.82592815
351 137 0.825839
351 176 0.7492582
351 198 0.8813381
351 221 0.3198346
351 265 0.56736815
351 267 0.35805354
351 273 0.6190096
351 310 0.6822519
352 25 0.8992058
352 98 0.4825952
352 114 0.5686487
352 133 0.8446161
352 156 0.43388292
352 169 0.7054838
352 257 0.20219314
352 261 0.43504587
352 297 0.04182937
352 332 0.8224192
352 363 0.45051908
353 9 0.873979
353 19 0.6393437
353 135 0.3702162
353 275 0.15465714
353 333 0.50175077
353 345 0.5346156
353 393 0.5973508
354 4 0.75141287
354 160 0.312112
354 164 0.12529984
354 280 0.8510018
354 304 0.82963425
354 391 0.5400081
354 373 0.494249
355 20 0.111865714
355 45 0.8593406
355 101 0.9401538
355 115 0.4725974
355 132 0.56766415
355 177 0.67328495
355 278 0.6875086
356 2 0.092772126
356 28 0.18122038
356 82 0.8768552
356 119 0.3448324
356 146 0.9439732
356 205 0.08631698
356 325 0.8240164
356 380 0.28301346
357 121 0.41573888
357 212 0.939744
357 229 0.9433461
357 249 0.7707143
357 270 0.6530937
357 315 0.3826946
357 364 0.7771033
358 53 0.2214011
358 81 0.35418785
358 126 0.3373841
358 128 0.4957648
358 150 0.06481157
358 151 0.5383444
358 165 0.5500772
358 182 0.7347861
358 268 0.64793056
358 307 0.4112034
358 308 0.28048846
358 342 0.39236173
358 349 0.9382424
358 368 0.1824929
358 375 0.0043735052
358 394 0.55130595
359 121 0.92763746
359 134 0.57645434
359 207 0.7052349
359 229 0.8064987
359 249 0.10672861
359 274 0.68426234
359 296 0.8586592
359 382 0.13117626
359 364 0.854133
359 371 0.060095992
360 144 0.13563764
360 148 0.64780384
360 247 0.011513536
360 284 0.79143924
360 313 0.54042107
360 318 0.19754691
360 381 0.41940758
361 39 0.17103353
361 71 0.46278268
361 99 0.32730284
361 140 0.05995132
361 163 0.3458282
361 216 0.16832572
362 53 0.58617204
362 126 0.49149054
362 147 0.45774615
362 153 0.27310696
362 155 0.8394728
362 188 0.11270469
362 226 0.25006515
362 272 0.8444418
362 294 0.3343196
362 342 0.05349924
362 349 0.74197954
363 4 0.5337369
363 69 0.05376017
363 98 0.89543784
363 133 0.17493309
363 169 0.19302465
363 225 0.07935352
363 243 0.077112675
363 257 0.6187181
363 332 0.40699518
363 352 0.8230436
363 373 0.18854639
364 121 0.18581848
364 207 0.72055054
364 229 0.24958941
364 249 0.04234555
364 270 0.073964104
364 274 0.79982585
364 296 0.5784075
364 357 0.106970534
364 359 0.10288436
364 382 0.17271392
365 102 0.64629203
365 103 0.93442124
365 176 0.26959306
365 221 0.81117046
365 254 0.095058486
365 267 0.4238802
365 65 0.2823685
366 43 0.0901501
366 50 0.19846886
366 51 0.6391866
366 57 0.49508157
366 59 0.9134
366 92 0.32558095
366 109 0.282057
366 152 0.19801743
366 231 0.06467221
366 232 0.5129308
366 242 0.14350827
366 253 0.5573829
366 286 0.2527641
366 291 0.82169807
366 295 0.31546938
366 395 0.42436197
367 13 0.5219219
367 20 0.15835115
367 22 0.44790563
367 27 0.046743035
367 67 0.7768463
367 128 0.42888284
367 151 0.6305292
367 177 0.10662402
367 307 0.90657187
367 368 0.79206437
367 375 0.3324013
368 13 0.5712127
368 20 0.30058318
368 45 0.19626741
368 53 0.47616214
368 81 0.20938455
368 128 0.015971456
368 150 0.8614421
368 151 0.91607255
368 157 0.057732906
368 182 0.19674307
368 307 0.9046365
368 342 0.8832789
368 349 0.35308257
368 358 0.73327583
368 367 0.18688458
368 375 0.2079632
369 6 0.8762026
369 255 0.37430722
370 14 0.6143421
370 48 0.8331861
370 62 0.64462215
370 78 0.61839545
370 125 0.54989564
370 175 0.8707658
370 244 0.41404167
370 256 0.9344137
370 334 0.20088667
370 371 0.115077525
370 376 0.3301888
371 14 0.14702803
371 78 0.25635582
371 134 0.384573
371 175 0.341366
371 210 0.8978558
371 227 0.5035648
371 244 0.17671402
371 256 0.32126734
371 274 0.03595091
371 296 0.7601515
371 359 0.45798016
371 370 0.75060815
371 382 0.57089657
372 27 0.6217316
372 44 0.32385564
372 67 0.7463775
372 95 0.09356693
372 172 0.32231462
372 239 0.5132884
373 4 0.2964649
373 69 0.2878141
373 160 0.4201184
373 161 0.3399157
373 164 0.06850658
373 243 0.72096884
373 259 0.90448606
373 280 0.17773297
373 304 0.87073666
373 340 0.6168586
373 354 0.05792599
373 363 0.36484158
374 68 0.6202208
374 80 0.4256203
374 282 0.5157874
374 298 0.32595178
375 20 0.12019382
375 45 0.22504443
375 53 0.425779
375 81 0.78299516
375 111 0.051057648
375 128 0.31839916
375 132 0.31214195
375 151 0.42709875
375 157 0.29752174
375 182 0.47161227
375 358 0.6808935
375 367 0.14225227
375 368 0.6820385
376 14 0.69798505
376 40 0.8677837
376 48 0.7191553
376 78 0.3887255
376 125 0.7823411
376 166 0.71955764
376 201 0.17240696
376 223 0.14169134
376 244 0.5884973
376 279 0.06929875
376 370 0.5267833
376 377 0.36978212
377 28 0.7687118
377 29 0.36768076
377 40 0.4680412
377 48 0.3911707
377 166 0.82540363
377 223 0.30289832
377 279 0.0042146943
377 376 0.31928453
377 400 0.47628054
378 36 0.353146
378 115 0.15555838
378 192 0.73140484
378 236 0.28168854
378 258 0.93424296
378 263 0.6548058
378 281 0.7070387
378 282 0.13764201
378 292 0.29846382
378 300 0.9116314
378 383 0.76381445
379 7 0.93502283
379 55 0.64339775
379 211 0.68004733
379 215 0.76129436
379 237 0.16191587
379 287 0.58306766
379 330 0.32667193
379 350 0.5005498
380 2 0.5077941
380 91 0.72524464
380 96 0.4483606
380 136 0.26747036
380 146 0.49530983
380 149 0.9239326
380 205 0.9261073
380 325 0.85056174
380 356 0.10996124
381 117 0.5141736
381 144 0.10901583
381 148 0.18629
381 162 0.726837
381 247 0.09518171
381 252 0.5717518
381 284 0.2880306
381 288 0.6153456
381 318 0.4856073
381 360 0.19314888
382 121 0.39542785
382 134 0.90046597
382 210 0.61146873
382 227 0.90583646
382 229 0.4229263
382 248 0.7802511
382 249 0.40674913
382 270 0.466264
382 274 0.1455344
382 296 0.66088206
382 315 0.9408899
382 359 0.70227814
382 364 0.27123356
382 371 0.8844459
383 21 0.4030512
383 36 0.25227132
383 158 0.10090142
383 192 0.57828534
383 230 0.7581241
383 236 0.61665606
383 258 0.37532687
383 281 0.8072812
383 300 0.04240877
383 378 0.60957795
384 50 0.57559085
384 88 0.08525695
384 141 0.36224228
384 159 0.30800918
384 214 0.71946955
384 240 0.79981625
384 269 0.19487944
384 398 0.48717973
385 1 0.050960902
385 58 0.06628309
385 63 0.15068808
385 73 0.22751224
385 145 0.5100819
385 191 0.06495654
385 246 0.4519461
385 266 0.5447379
385 277 0.094753906
385 290 0.5016693
385 324 0.51936704
385 398 0.47812822
386 38 0.6929893
386 70 0.7920253
386 76 0.49650723
386 233 0.16686714
386 336 0.3950968
387 112 0.6664138
387 116 0.39185274
387 152 0.5900408
387 170 0.50909054
387 196 0.2077336
387 220 0.6955376
387 315 0.6916126
387 319 0.08311555
387 399 0.0042375145
388 24 0.5118178
388 68 0.3886486
388 96 0.4665184
388 136 0.29245475
388 146 0.8444842
388 205 0.08897121
388 298 0.46343058
388 325 0.5696811
388 396 0.7913916
389 41 0.34339622
389 79 0.7891661
389 94 0.88821596
389 198 0.6979715
390 10 0.44176456
390 29 0.8236014
390 43 0.6456073
390 48 0.7451209
390 57 0.8085379
390 92 0.26832747
390 166 0.74357903
390 253 0.20693016
390 286 0.56218624
390 334 0.4869087
391 164 0.14405988
391 262 0.90580356
391 304 0.6765593
391 354 0.46262702
391 397 0.05156051
392 70 0.013680112
392 76 0.7222195
392 110 0.6357962
392 122 0.4165552
392 160 0.28039047
392 161 0.43340513
392 233 0.64262515
392 259 0.20875445
392 340 0.56492597
393 9 0.46316716
393 19 0.11099998
393 135 0.28795394
393 275 0.84854126
393 333 0.8921873
393 353 0.6959736
394 66 0.24391332
394 126 0.90328425
394 150 0.8422888
394 165 0.36220652
394 182 0.8057323
394 226 0.3235989
394 306 0.19445835
394 308 0.71359015
394 342 0.37295
394 347 0.53840595
394 349 0.20567675
394 358 0.91809756
395 43 0.005759258
395 50 0.7549741
395 51 0.9447854
395 57 0.31700805
395 59 0.9306733
395 92 0.82288635
395 109 0.5697834
395 159 0.6299281
395 231 0.7036507
395 242 0.7376403
395 286 0.88454837
395 366 0.20870025
396 68 0.21729605
396 82 0.15724364
396 96 0.25186974
396 119 0.48378628
396 136 0.7156016
396 205 0.8036036
396 263 0.84861237
396 282 0.8416483
396 292 0.018114908
396 298 0.06936743
396 325 0.86664057
396 388 0.11886894
397 18 0.59757996
397 23 0.21621335
397 47 0.20127732
397 77 0.9284118
397 90 0.07119832
397 123 0.15768209
397 189 0.36188897
397 262 0.93660873
397 391 0.6475334
398 168 0.79628557
398 191 0.15170668
398 194 0.6251505
398 218 0.4984646
398 246 0.29005623
398 277 0.88949114
398 324 0.17134833
398 384 0.34182584
398 385 0.020520916
399 71 0.79575384
399 112 0.17324626
399 170 0.7892864
399 174 0.2913697
399 186 0.22116606
399 196 0.8194686
399 220 0.5016651
399 241 0.00788585
399 299 0.20788454
399 387 0.712426
400 28 0.6122932
400 29 0.32066151
400 166 0.5747892
400 240 0.20401661
400 279 0.00490565
400 377 0.6175093
