1 63 0.30550423
1 96 0.3947409
1 74 0.11806625
1 83 0.48363426
1 8 0.7518128
1 25 0.6950359
1 51 0.85695994
1 76 0.55614
1 95 0.025396165
2 18 0.59763104
2 59 0.8453303
2 60 0.9164205
2 67 0.5457274
2 12 0.7094679
2 65 0.7540824
2 70 0.9271704
3 4 0.8873038
3 17 0.92635864
3 31 0.3796112
3 34 0.7928938
3 41 0.0023837204
3 50 0.7792249
3 23 0.55384296
3 32 0.1870362
3 49 0.7412982
4 3 0.18238276
4 17 0.16129199
4 31 0.83944005
4 34 0.65756655
4 41 0.010827507
4 50 0.64754015
4 23 0.39828262
4 32 0.75293416
5 12 0.5983788
5 70 0.26296154
5 38 0.16859013
5 16 0.5685772
5 36 0.21095458
6 13 0.41642582
6 55 0.92729604
6 80 0.38540733
6 82 0.8231498
6 56 0.3002038
6 54 0.5925393
6 61 0.13594802
7 27 0.051665615
7 69 0.7934507
8 1 0.03255581
8 73 0.05238518
8 88 0.028050119
8 21 0.5330785
8 25 0.2871991
8 51 0.4711395
8 76 0.046362594
8 30 0.4458529
8 86 0.1986632
9 57 0.8848693
9 77 0.084982716
9 99 0.6788354
10 83 0.21990418
10 43 0.38999274
10 22 0.80396223
10 76 0.80271906
10 95 0.5941586
10 20 0.9250526
10 33 0.7945951
10 37 0.84121627
10 44 0.48037922
10 89 0.24003492
10 100 0.11066254
11 92 0.45292774
11 66 0.6837908
12 2 0.73995155
12 5 0.0047279783
12 18 0.9468485
12 59 0.53106093
12 60 0.6581468
12 65 0.2875095
12 70 0.09682596
12 38 0.74848914
13 6 0.64620674
13 19 0.19608665
13 55 0.68252885
13 28 0.8373614
13 46 0.100120075
13 90 0.66226894
13 82 0.36262137
13 14 0.62904745
13 24 0.01943304
13 56 0.6490623
14 13 0.8336269
14 46 0.14995764
14 90 0.8969247
14 24 0.21763189
14 56 0.15660879
14 64 0.7944931
14 71 0.6637071
14 74 0.12632571
14 78 0.7166267
14 97 0.7504235
15 45 0.53309655
15 26 0.23739697
15 39 0.19482759
15 81 0.27225986
15 91 0.92355007
15 44 0.11123336
15 89 0.45493662
15 100 0.17932387
15 84 0.5171125
16 5 0.16525614
16 38 0.50074905
16 36 0.75255376
16 42 0.0077136797
16 58 0.17617805
17 3 0.1328804
17 4 0.7730558
17 31 0.19387092
17 34 0.2613443
17 41 0.5060422
17 50 0.73629487
17 23 0.24141607
17 32 0.15629748
17 49 0.4844974
18 2 0.16274536
18 12 0.49199435
18 59 0.40237427
18 60 0.0045356075
18 67 0.6610405
18 65 0.09102647
18 70 0.5599195
19 13 0.38337007
19 55 0.06115121
19 28 0.09144726
19 35 0.049693655
19 90 0.58013636
20 10 0.68884
20 22 0.6760599
20 95 0.31802943
20 33 0.8685132
20 37 0.39503932
20 44 0.9096329
20 89 0.5308483
20 100 0.5673081
20 40 0.4369162
21 8 0.14830795
21 25 0.8302842
21 51 0.33693588
21 22 0.15239517
21 76 0.16176505
21 86 0.043134883
22 10 0.11039974
22 20 0.39910665
22 21 0.8469942
22 76 0.24246317
22 95 0.6791473
22 37 0.40956622
22 44 0.21954879
22 40 0.14614426
23 3 0.85555154
23 4 0.662838
23 17 0.76916075
23 31 0.6547342
23 34 0.8565029
23 50 0.5694654
23 32 0.5036143
23 49 0.8725911
23 93 0.18449345
23 98 0.10970557
23 94 0.62076974
23 75 0.2824182
24 13 0.10684813
24 14 0.85597646
24 28 0.18764919
24 35 0.88967615
24 46 0.15930875
24 90 0.90075934
24 56 0.08852005
24 64 0.87914914
24 71 0.6849612
25 1 0.8343575
25 8 0.094227985
25 21 0.72396314
25 63 0.1464629
25 96 0.7892423
25 83 0.57304084
25 51 0.53014463
25 76 0.46857363
26 15 0.8056994
26 29 0.11095125
26 45 0.1553676
26 75 0.20503664
26 39 0.8904581
26 81 0.17007154
26 91 0.36380288
26 44 0.71529996
26 89 0.812213
26 100 0.82735
27 7 0.59293234
27 33 0.50451255
27 62 0.15795027
27 87 0.14965819
27 69 0.8327425
28 13 0.60453284
28 19 0.7117132
28 24 0.75356525
28 35 0.5901931
28 46 0.84710336
28 90 0.054464545
28 71 0.056519024
29 26 0.12181622
29 49 0.5764892
29 93 0.54959166
29 98 0.15621766
29 78 0.23020044
29 97 0.34821665
29 43 0.48568672
29 45 0.8414684
29 52 0.90918946
29 75 0.54806536
29 39 0.35341713
29 91 0.3420707
29 89 0.8922099
30 8 0.23562782
30 73 0.7817096
30 88 0.2202199
30 92 0.36735743
30 48 0.38591686
30 72 0.5115002
30 86 0.8929129
31 3 0.31827918
31 4 0.870281
31 17 0.22803086
31 23 0.86816454
31 34 0.08795563
31 41 0.3892917
31 50 0.59616494
31 32 0.30822775
31 49 0.27229106
32 3 0.06317125
32 4 0.37019774
32 17 0.122113004
32 23 0.72712916
32 31 0.63208276
32 34 0.75468427
32 50 0.8241929
32 71 0.80539054
32 49 0.7050837
32 93 0.51761687
32 98 0.41382834
33 10 0.6685775
33 20 0.101002626
33 27 0.53264004
33 37 0.62348884
33 44 0.8263841
33 89 0.5287119
33 100 0.14885028
33 84 0.14361413
33 62 0.48095253
34 3 0.052514195
34 4 0.40189883
34 17 0.03576053
34 23 0.76130104
34 31 0.67831784
34 32 0.032663513
34 41 0.117357604
34 50 0.3115631
35 19 0.54598564
35 24 0.9428399
35 28 0.7457031
35 46 0.48901626
35 90 0.75202996
35 71 0.6319744
36 5 0.1918937
36 16 0.4955015
36 70 0.19967435
36 38 0.80376
36 58 0.34580398
37 10 0.5590187
37 20 0.39331594
37 22 0.42095858
37 33 0.25784555
37 91 0.4689954
37 44 0.5059851
37 89 0.76762056
37 100 0.312118
37 84 0.6039247
37 62 0.58706915
38 5 0.48588592
38 12 0.072433025
38 16 0.91691566
38 36 0.57576805
38 65 0.90720767
38 70 0.70522654
38 80 0.017085938
38 42 0.9153666
38 54 0.14355479
38 61 0.54664606
39 15 0.86146325
39 26 0.9102995
39 29 0.43447086
39 93 0.50192523
39 98 0.36836725
39 94 0.6926637
39 45 0.35240254
39 75 0.7229812
39 81 0.07281039
39 91 0.3047412
39 89 0.08122707
40 20 0.4904925
40 22 0.48740354
40 57 0.43488586
40 53 0.13607582
40 87 0.46411696
41 3 0.81383634
41 4 0.19443142
41 17 0.90929663
41 31 0.29457965
41 34 0.43414992
41 50 0.7814993
42 16 0.13781072
42 38 0.19077429
42 54 0.8980088
42 61 0.50819284
42 96 0.57108057
43 10 0.89997095
43 29 0.832219
43 64 0.42099044
43 98 0.10060916
43 74 0.37314203
43 78 0.55912614
43 83 0.24370559
43 97 0.6146077
43 45 0.19537665
43 52 0.47434282
43 75 0.27537763
43 95 0.6993424
43 89 0.34573823
44 10 0.012385879
44 15 0.7810528
44 20 0.53235805
44 22 0.063092455
44 26 0.5639183
44 33 0.15383542
44 37 0.33235386
44 45 0.0159393
44 91 0.79641175
44 95 0.24092168
44 89 0.90719336
44 100 0.32514054
44 84 0.26633278
45 15 0.025624558
45 26 0.05125949
45 29 0.68094987
45 39 0.14686067
45 43 0.4025039
45 44 0.38094097
45 93 0.20803693
45 98 0.85506654
45 52 0.107945554
45 75 0.3500352
45 81 0.16534954
45 91 0.73769516
45 89 0.24148369
45 100 0.46338734
46 13 0.80319834
46 14 0.26566643
46 24 0.38846546
46 28 0.67828566
46 35 0.6882495
46 90 0.5208142
46 71 0.88368285
47 57 0.88295853
47 53 0.5549898
47 68 0.28755224
47 87 0.6851761
48 30 0.858746
48 73 0.01141687
48 88 0.7101396
48 92 0.35813904
48 72 0.9478407
48 86 0.67183197
48 79 0.63530016
48 85 0.6994172
49 3 0.9233997
49 17 0.47580487
49 23 0.12081956
49 29 0.78393877
49 31 0.61340475
49 32 0.42832717
49 50 0.14746323
49 71 0.26423845
49 93 0.42062864
49 98 0.042200208
49 75 0.34435415
50 3 0.11155254
50 4 0.1264743
50 17 0.75954866
50 23 0.0958766
50 31 0.5498701
50 32 0.34297585
50 34 0.9469347
50 41 0.22448492
50 49 0.061204743
51 1 0.90298295
51 8 0.47556096
51 21 0.3405052
51 25 0.9139769
51 83 0.9389077
51 76 0.41936037
51 95 0.23447947
52 29 0.6130736
52 43 0.3396269
52 45 0.08585392
52 64 0.78397703
52 98 0.67980176
52 74 0.21810263
52 78 0.58199733
52 83 0.15448095
52 97 0.81579477
52 75 0.705337
52 95 0.0033003609
52 89 0.23906125
53 40 0.49900088
53 47 0.44022775
53 57 0.45539835
53 68 0.19668207
53 87 0.38963544
54 6 0.71352476
54 38 0.71405154
54 42 0.5276749
54 82 0.14232434
54 61 0.77298176
54 63 0.48671708
54 96 0.052302442
55 6 0.3673856
55 13 0.0035825225
55 19 0.61746633
55 67 0.8750826
55 90 0.555723
56 6 0.39587194
56 13 0.82496554
56 14 0.45292848
56 24 0.4038421
56 90 0.025417086
56 82 0.54132634
56 64 0.4612551
56 71 0.7197802
56 63 0.053500406
56 96 0.05956223
56 74 0.77479976
57 9 0.27166623
57 40 0.4045256
57 47 0.3768018
57 53 0.94490093
57 77 0.62842137
57 99 0.4202396
57 68 0.07759689
57 87 0.1018528
58 16 0.31051126
58 36 0.6699259
58 92 0.5991005
59 2 0.11812691
59 12 0.38728204
59 18 0.9180748
59 60 0.0045361454
59 67 0.74605936
59 65 0.7025017
59 70 0.54971886
59 80 0.76430994
60 2 0.64000255
60 12 0.043642744
60 18 0.029852718
60 59 0.5826715
60 67 0.7972047
60 65 0.14786658
60 70 0.15555947
61 6 0.15890051
61 38 0.92741835
61 42 0.35722575
61 54 0.72417945
61 80 0.44150442
61 82 0.7828833
61 63 0.92641634
61 96 0.4316324
62 27 0.10900106
62 33 0.58881176
62 37 0.23634064
62 84 0.9432579
62 69 0.19226022
63 1 0.80410475
63 25 0.8632814
63 54 0.81441075
63 56 0.9137208
63 61 0.37959996
63 82 0.92669564
63 64 0.24942069
63 96 0.8190421
63 74 0.10789652
63 78 0.7138877
63 83 0.5142635
64 14 0.3510966
64 24 0.8105235
64 43 0.7088783
64 52 0.86171126
64 56 0.69876045
64 63 0.13663831
64 82 0.2778184
64 96 0.52005666
64 74 0.17188911
64 78 0.496866
64 83 0.9255131
64 97 0.6363553
65 2 0.6939744
65 12 0.43139973
65 18 0.16415702
65 38 0.32153872
65 59 0.3775777
65 60 0.15780164
65 70 0.024823122
65 80 0.46867365
66 11 0.4028496
67 2 0.45239353
67 18 0.43682528
67 55 0.33677572
67 59 0.68931156
67 60 0.8136007
67 80 0.6713617
68 47 0.8710793
68 53 0.53114635
68 57 0.76646894
68 87 0.32210618
69 7 0.71967435
69 27 0.2807079
69 62 0.34910664
70 2 0.22322771
70 5 0.625316
70 12 0.7529502
70 18 0.7459528
70 36 0.38291648
70 38 0.22346868
70 59 0.45092016
70 60 0.50471354
70 65 0.8239434
71 14 0.14423452
71 24 0.78302693
71 28 0.7473215
71 32 0.90281343
71 35 0.38196605
71 46 0.67541456
71 49 0.36463448
71 56 0.8695904
71 90 0.26416546
72 30 0.75701886
72 48 0.66929007
72 73 0.35409945
72 88 0.6219236
72 92 0.09498711
73 8 0.25515398
73 30 0.21875884
73 48 0.75539154
73 72 0.4575879
73 88 0.08191035
73 92 0.482842
73 86 0.21181805
74 1 0.69741875
74 14 0.5462332
74 43 0.11778398
74 52 0.88606167
74 56 0.7138612
74 63 0.37409303
74 64 0.54825383
74 82 0.18188362
74 96 0.35145143
74 78 0.3237834
74 83 0.71148133
74 97 0.33202523
74 76 0.44510338
74 95 0.8092045
75 23 0.7533992
75 26 0.3788935
75 29 0.658439
75 39 0.57718456
75 43 0.64968634
75 45 0.16133784
75 49 0.23911734
75 52 0.48858705
75 93 0.47849706
75 98 0.41977707
75 78 0.39444062
75 97 0.9113064
75 81 0.66929954
75 91 0.20970036
75 89 0.6568783
76 1 0.031842027
76 8 0.22615775
76 10 0.6928597
76 21 0.28551486
76 22 0.8918529
76 25 0.57964736
76 51 0.9494429
76 74 0.5548101
76 83 0.24827574
76 95 0.50730133
77 9 0.7508228
77 57 0.35369506
77 86 0.68974537
77 79 0.5301715
77 99 0.75438315
78 14 0.29494286
78 29 0.034692105
78 43 0.11180952
78 52 0.6864129
78 63 0.7056054
78 64 0.7544819
78 74 0.29898772
78 75 0.77342516
78 98 0.3497457
78 83 0.12568924
78 97 0.2897588
78 95 0.68585205
79 48 0.92504585
79 77 0.37221852
79 85 0.6648348
79 99 0.054183017
80 6 0.6177069
80 38 0.6590639
80 59 0.39954454
80 61 0.23310153
80 65 0.025168484
80 67 0.39327365
81 15 0.6749219
81 26 0.17960727
81 39 0.41483432
81 45 0.53558713
81 75 0.36438042
81 93 0.024125097
81 94 0.09448666
81 91 0.4519344
82 6 0.5410631
82 13 0.67068595
82 54 0.7082304
82 56 0.33453715
82 61 0.6026423
82 63 0.16066875
82 64 0.6092474
82 74 0.16604069
82 96 0.6070204
83 1 0.7124208
83 10 0.23892334
83 25 0.27547574
83 43 0.023890542
83 51 0.5632025
83 52 0.07071891
83 63 0.38687468
83 64 0.9032369
83 74 0.46369562
83 76 0.2058327
83 78 0.17579378
83 97 0.7176108
83 95 0.12729745
84 15 0.3840122
84 33 0.56300557
84 37 0.6439483
84 44 0.5711548
84 62 0.492482
84 100 0.77290565
85 48 0.8892734
85 79 0.30429912
86 8 0.06885771
86 21 0.64084154
86 30 0.8617691
86 48 0.9414352
86 73 0.54862297
86 77 0.9001215
86 88 0.8584916
87 27 0.046917595
87 40 0.35175362
87 47 0.8028528
87 53 0.16131493
87 57 0.34578854
87 68 0.90033764
88 8 0.82458794
88 30 0.84570533
88 48 0.259662
88 72 0.75315547
88 73 0.3862931
88 86 0.93924755
88 92 0.081341706
89 10 0.042951196
89 15 0.05537316
89 20 0.9103602
89 26 0.18896797
89 29 0.4282721
89 33 0.5875983
89 37 0.9482185
89 39 0.6316346
89 43 0.80500257
89 44 0.84388626
89 45 0.64417964
89 52 0.053467587
89 75 0.73626024
89 91 0.5746122
89 95 0.3198652
89 100 0.19593658
90 13 0.49617708
90 14 0.087801725
90 19 0.16210645
90 24 0.60434896
90 28 0.34630558
90 35 0.3852125
90 46 0.945921
90 55 0.6636708
90 56 0.035908207
90 71 0.34976703
91 15 0.4379304
91 26 0.5748351
91 29 0.12516011
91 37 0.06861048
91 39 0.26943097
91 44 0.77435964
91 45 0.43753916
91 75 0.84811294
91 81 0.018818049
91 89 0.09851559
91 100 0.54420674
92 11 0.91428554
92 30 0.12415206
92 48 0.18399702
92 58 0.69419426
92 72 0.80646276
92 73 0.49003053
92 88 0.5161412
93 23 0.629434
93 29 0.026094645
93 32 0.071661405
93 39 0.50504047
93 45 0.68485487
93 49 0.21794993
93 75 0.36464566
93 81 0.71910733
93 98 0.32641098
93 94 0.5499237
94 23 0.14996767
94 39 0.46581578
94 81 0.84801185
94 93 0.72597224
95 1 0.9264001
95 10 0.13327895
95 20 0.46133816
95 22 0.18760717
95 43 0.03406815
95 44 0.65718967
95 51 0.4817408
95 52 0.33162224
95 74 0.7587946
95 76 0.2562523
95 78 0.9384769
95 83 0.37974232
95 89 0.44716102
95 97 0.7468587
96 1 0.49875787
96 25 0.51727825
96 42 0.19823086
96 54 0.7084077
96 56 0.35539302
96 61 0.87023205
96 63 0.7322334
96 64 0.33885399
96 74 0.28235435
96 82 0.78287804
97 14 0.20740435
97 29 0.5910148
97 43 0.74531525
97 52 0.500801
97 64 0.92675996
97 74 0.8447555
97 75 0.31380892
97 78 0.6876427
97 83 0.8758008
97 95 0.59376293
97 98 0.5520579
98 23 0.40232062
98 29 0.78301036
98 32 0.6566098
98 39 0.7263386
98 43 0.6043739
98 45 0.72555965
98 49 0.80588496
98 52 0.59576154
98 75 0.11972061
98 78 0.46456537
98 93 0.19535045
98 97 0.800327
99 9 0.74916345
99 57 0.22308587
99 77 0.2667343
99 79 0.17961165
100 10 0.24281758
100 15 0.5935148
100 20 0.44223464
100 26 0.73684126
100 33 0.86558837
100 37 0.65906566
100 44 0.3780064
100 45 0.23923801
100 84 0.015586809
100 89 0.86598176
100 91 0.61652136
